#   25.960  -5.374  22.154 ;Mean Elev.(m), Avg Gradient(m/km), RMS Gradient(m/km)
  7     6.122 52448.30826707 21.05 201.210460  63.983675 18.541
  7     4.630 52448.30826771 28.19 201.207680  63.986795 18.541
  7     4.104 52448.30827093 21.14 201.193770  64.002405 18.541
  7     3.965 52448.30827158 15.66 201.190980  64.005525 18.541
  7     3.945 52448.30827222 11.82 201.188200  64.008645 18.541
  8    28.299 52483.30825908 28.21 201.205751  64.004015 17.656
  8    27.958 52483.30825973 32.20 201.202961  64.007135 17.656
  8    27.949 52483.30826037 35.77 201.200181  64.010255 17.656
  8    28.302 52483.30826102 38.93 201.197391  64.013375 17.656
  9    28.790 52518.30821439 21.28 201.227610  63.991499 10.024
  9    28.982 52518.30821504 20.96 201.224830  63.994619 10.024
  9    28.356 52518.30821568 25.28 201.222050  63.997749 10.024
  9    29.453 52518.30821633 22.12 201.219260  64.000869 10.024
  9    29.260 52518.30821697 24.92 201.216480  64.003989 10.024
  9    29.241 52518.30821762 17.03 201.213700  64.007109 10.024
  9    29.116 52518.30821826 12.92 201.210910  64.010229 10.024
  9    29.273 52518.30821891 12.23 201.208130  64.013349 10.024
  9    29.117 52518.30821955 12.02 201.205350  64.016479 10.024
 10    31.210 52553.30826337 14.94 201.207133  63.982886 12.357
 10    27.981 52553.30826401 20.25 201.204353  63.986016 12.357
 10    27.541 52553.30826788 29.11 201.187643  64.004746 12.357
 10    27.489 52553.30826853 24.02 201.184855  64.007865  6.509
 10    27.313 52553.30826917 18.12 201.182075  64.010985  6.509
 11    26.131 52588.30824470 46.76 201.224428  63.987537 21.393
 11    26.069 52588.30824535 42.10 201.221648  63.990657 21.393
 11    26.048 52588.30824599 33.59 201.218868  63.993777 21.393
 11    25.911 52588.30824664 29.83 201.216088  63.996897 21.393
 11    25.320 52588.30824792 28.56 201.210518  64.003147 21.393
 11    25.666 52588.30824857 30.38 201.207738  64.006267 21.393
 11    26.032 52588.30824921 34.01 201.204948  64.009387 21.393
 11    26.169 52588.30824986 44.00 201.202168  64.012507 21.393
 12    26.854 52623.30819875 28.83 201.228352  63.989963  7.999
 12    26.813 52623.30819940 29.43 201.225572  63.993083  7.999
 12    26.822 52623.30820004 26.72 201.222792  63.996203  7.999
 12    26.975 52623.30820069 24.73 201.220009  63.999323  9.707
 12    27.556 52623.30820133 26.04 201.217229  64.002453  9.707
 12    27.581 52623.30820198 26.97 201.214449  64.005573  9.707
 12    27.533 52623.30820262 27.78 201.211659  64.008693  9.707
 12    26.881 52623.30820327 29.72 201.208879  64.011813  9.707
 12    26.796 52623.30820391 32.84 201.206099  64.014933  9.707
 13    26.483 52658.30821530 12.63 201.220415  63.986818  4.645
 13    26.503 52658.30821595 13.53 201.217635  63.989948  4.645
 13    26.864 52658.30821659 13.88 201.214845  63.993068  4.645
 13    27.190 52658.30821724 15.03 201.212065  63.996188  4.645
 13    27.523 52658.30821853 16.88 201.206495  64.002428  4.645
 13    27.515 52658.30821917 16.95 201.203715  64.005548  4.645
 13    27.312 52658.30821982 17.57 201.200935  64.008678  4.645
 13    26.871 52658.30822046 18.08 201.198145  64.011798  4.645
 15    25.967 52728.30823552 11.40 201.223499  63.985377  4.468
 15    25.837 52728.30823617 11.43 201.220719  63.988497  4.468
 15    25.141 52728.30823681 13.04 201.217939  63.991617  4.468
 15    22.870 52728.30823746 14.75 201.215159  63.994737  4.468
 15    24.967 52728.30823939 14.44 201.206809  64.004107  4.468
 15    25.169 52728.30824004 16.31 201.204019  64.007227  4.468
 15    25.531 52728.30824068 15.63 201.201239  64.010347  4.468
 15    25.444 52728.30824133 18.11 201.198449  64.013467  4.468
 16    28.332 52763.30824890 36.07 201.222455  63.988229 20.793
 16    27.110 52763.30824955 38.48 201.219675  63.991349 20.793
 16    26.995 52763.30825019 36.18 201.216895  63.994479 20.793
 16    26.992 52763.30825084 31.74 201.214115  63.997599 20.793
 16    27.573 52763.30825213 32.58 201.208545  64.003839 20.793
 16    27.548 52763.30825277 31.85 201.205765  64.006959 20.793
 16    27.042 52763.30825341 35.80 201.202985  64.010089 20.793
 16    26.963 52763.30825406 35.57 201.200195  64.013209 20.793
 17    31.706 52798.30822087 19.28 201.214408  63.985554 14.763
 17    31.241 52798.30822152 22.60 201.211628  63.988674 14.763
 17    29.382 52798.30822474 19.41 201.197708  64.004284 14.763
 17    29.184 52798.30822539 17.72 201.194918  64.007404 14.763
 17    28.743 52798.30822603 18.30 201.192128  64.010524 14.763
 18    30.497 52833.30829138 13.08 201.214496  63.985810 14.985
 18    30.215 52833.30829202 18.64 201.211706  63.988930 14.985
 18    30.102 52833.30829525 23.21 201.197786  64.004540 14.985
 18    30.041 52833.30829589 19.92 201.195006  64.007660 14.985
 18    29.496 52833.30829653 12.54 201.192216  64.010780 14.985
 19    28.434 52868.30833703 47.11 201.209324  64.002723 20.197
 19    28.482 52868.30833767 47.84 201.206544  64.005853 20.197
 19    28.585 52868.30833832 48.05 201.203754  64.008973 20.197
 19    29.522 52868.30833896 37.93 201.200974  64.012093 20.197
 20    30.255 52903.30834828 48.99 201.223224  63.987504 25.166
 20    30.165 52903.30834893 52.03 201.220434  63.990634 25.166
 20    28.585 52903.30834957 51.55 201.217654  63.993754 25.166
 20    29.212 52903.30835022 45.37 201.214874  63.996874 25.166
 20    28.620 52903.30835151 42.19 201.209314  64.003114 25.166
 20    28.687 52903.30835215 41.10 201.206524  64.006234 25.166
 20    28.569 52903.30835279 44.16 201.203744  64.009364 25.166
 20    28.488 52903.30835344 51.22 201.200954  64.012484 25.166
 21    26.314 52938.30828618 54.23 201.230067  63.992678 23.714
 21    26.473 52938.30828682 48.07 201.227287  63.995798 23.714
 21    26.158 52938.30828747 37.25 201.224507  63.998928 23.714
 21    26.137 52938.30828811 34.55 201.221727  64.002048 23.714
 21    26.100 52938.30828875 31.81 201.218947  64.005168 23.714
 21    26.031 52938.30828940 33.14 201.216167  64.008288 23.714
 21    26.105 52938.30829004 37.57 201.213387  64.011408 23.714
 21    26.227 52938.30829069 46.62 201.210597  64.014538 23.714
 22    25.677 52973.30832019 20.15 201.213903  63.984938  7.435
 22    25.526 52973.30832083 21.50 201.211123  63.988058  7.435
 22    25.671 52973.30832406 17.52 201.197203  64.003668  7.435
 22    25.734 52973.30832470 18.80 201.194413  64.006788  7.435
 22    25.610 52973.30832535 22.19 201.191633  64.009908  7.435
 23    26.751 53008.30832851  8.62 201.218236  63.984528  3.303
 23    27.001 53008.30832915  8.61 201.215456  63.987648  3.303
 23    26.038 53008.30832980  9.09 201.212676  63.990768  3.303
 23    25.496 53008.30833238  9.99 201.201546  64.003258  3.303
 23    26.583 53008.30833302  9.68 201.198766  64.006378  3.303
 23    26.121 53008.30833367 10.18 201.195976  64.009498  3.303
 23    26.386 53008.30833431  9.56 201.193196  64.012618  3.303
 24    26.071 53043.30828545  7.73 201.210211  63.981601  3.692
 24    25.015 53043.30828609  8.96 201.207431  63.984721  3.692
 24    25.542 53043.30828674  8.80 201.204651  63.987841  3.692
 24    25.130 53043.30828996  9.31 201.190731  64.003451  3.692
 24    25.740 53043.30829061  8.59 201.187941  64.006571  3.692
 24    25.791 53043.30829125  8.69 201.185151  64.009691  3.692
 25    26.497 53078.30831912  7.65 201.220452  63.985438  4.691
 25    26.081 53078.30831977  7.31 201.217672  63.988558  4.691
 25    24.933 53078.30832041  8.37 201.214892  63.991678  4.691
 25    24.981 53078.30832106  8.13 201.212112  63.994808  4.691
 25    24.652 53078.30832299 10.70 201.203762  64.004168  4.691
 25    25.016 53078.30832363 11.85 201.200972  64.007288  4.691
 25    25.347 53078.30832428 10.05 201.198192  64.010408  4.691
 25    25.136 53078.30832492 13.62 201.195402  64.013538  4.691
 26    29.238 53113.30828945 20.87 201.206363  63.982143 13.837
 26    30.594 53113.30829010 22.06 201.203583  63.985263 13.837
 26    27.222 53113.30829397 33.41 201.186873  64.003993 13.837
 26    26.934 53113.30829461 32.69 201.184093  64.007113 13.837
 26    26.672 53113.30829526 26.51 201.181303  64.010243 13.837
 27    31.099 53148.30833835 46.10 201.199019  64.002952 20.115
 27    29.772 53148.30833899 47.42 201.196239  64.006072 20.115
 27    30.425 53148.30833964 48.61 201.193459  64.009202 20.115
 27    29.956 53148.30834028 47.46 201.190669  64.012322 20.115
 28    29.682 53183.30833636 27.91 201.211284  64.001783 22.086
 28    28.906 53183.30833700 26.76 201.208494  64.004913 22.086
 28    28.926 53183.30833765 30.09 201.205714  64.008033 22.086
 28    29.003 53183.30833829 48.34 201.202924  64.011153 22.086
 28    29.819 53183.30833894 51.77 201.200144  64.014273 22.086
 29    27.903 53218.30836070 24.22 201.208248  64.001426 12.072
 29    28.120 53218.30836134 24.83 201.205468  64.004546 12.072
 29    29.013 53218.30836199 19.05 201.202678  64.007666 12.072
 29    27.699 53218.30836263 17.30 201.199898  64.010786 12.072
 29    27.822 53218.30836327 13.76 201.197108  64.013906 12.072
 31    27.787 53288.30833622 13.10 201.206839  63.980288 10.386
 31    27.625 53288.30833686 16.06 201.204059  63.983408 10.386
 31    28.172 53288.30833751 16.30 201.201269  63.986528 10.386
 31    26.172 53288.30834073 29.27 201.187356  64.002139 12.469
 31    25.922 53288.30834137 28.26 201.184566  64.005259 12.469
 31    25.744 53288.30834202 24.05 201.181786  64.008379 12.469
 32    22.299 53323.30831299 30.49 201.225371  63.988711 11.598
 32    22.355 53323.30831363 27.97 201.222591  63.991831 11.598
 32    22.246 53323.30831428 25.95 201.219801  63.994961 11.598
 32    22.092 53323.30831492 25.07 201.217021  63.998081 11.598
 32    22.055 53323.30831556 23.97 201.214241  64.001201 11.598
 32    22.048 53323.30831621 25.76 201.211461  64.004321 11.598
 32    22.337 53323.30831685 25.90 201.208671  64.007441 11.598
 32    22.670 53323.30831750 26.26 201.205891  64.010571 11.598
 32    22.687 53323.30831814 38.84 201.203101  64.013691 11.598
 33    25.840 53358.30827734 12.42 201.231233  63.990931  3.544
 33    25.831 53358.30827798 12.90 201.228453  63.994051  3.544
 33    25.777 53358.30827863 13.21 201.225673  63.997171  3.544
 33    25.486 53358.30827927 13.62 201.222893  64.000301  3.544
 33    25.393 53358.30827992 14.44 201.220113  64.003421  3.544
 33    25.650 53358.30828056 14.65 201.217323  64.006541  3.544
 33    25.873 53358.30828120 14.72 201.214541  64.009657  4.400
 33    25.934 53358.30828185 15.18 201.211761  64.012787  4.400
 33    25.871 53358.30828249 14.96 201.208971  64.015907  4.400
 34    28.818 53393.30829258  7.60 201.210609  63.983723  2.187
 34    29.048 53393.30829323  7.70 201.207819  63.986843  2.187
 34    27.210 53393.30829645  8.53 201.193909  64.002453  2.187
 34    27.592 53393.30829709  7.86 201.191117  64.005573  3.323
 34    27.513 53393.30829774  7.48 201.188337  64.008693  3.323
 35    29.557 53428.30828754  6.39 201.228652  63.989772  2.071
 35    29.510 53428.30828819  6.78 201.225872  63.992892  2.071
 35    29.264 53428.30828883  6.95 201.223092  63.996012  2.071
 35    29.415 53428.30828948  6.33 201.220312  63.999142  2.071
 35    28.339 53428.30829012  6.61 201.217532  64.002262  2.071
 35    28.077 53428.30829077  6.06 201.214742  64.005382  2.071
 35    27.882 53428.30829141  5.98 201.211959  64.008509  2.491
 35    27.760 53428.30829206  5.50 201.209179  64.011629  2.491
 35    27.505 53428.30829270  5.59 201.206389  64.014749  2.491
 36    30.068 53463.30830660  6.95 201.213883  63.984234  1.671
 36    29.627 53463.30830725  6.99 201.211093  63.987354  1.671
 36    29.242 53463.30830789  7.17 201.208313  63.990474  1.671
 36    28.249 53463.30831047  5.97 201.197181  64.002963  2.211
 36    29.223 53463.30831111  5.17 201.194391  64.006083  2.211
 36    28.895 53463.30831176  5.08 201.191601  64.009203  2.211
 37    32.847 53498.30838067 37.11 201.196425  64.002708 16.209
 37    33.057 53498.30838132 43.48 201.193635  64.005828 16.209
 37    32.770 53498.30838196 44.27 201.190855  64.008948 16.209
 38    32.261 53533.30836001 32.66 201.225321  63.988553 17.130
 38    31.405 53533.30836066 29.86 201.222541  63.991673 17.130
 38    31.257 53533.30836130 31.00 201.219761  63.994803 17.130
 38    31.409 53533.30836195 35.00 201.216981  63.997923 17.130
 38    31.351 53533.30836259 32.47 201.214201  64.001043 17.130
 38    31.496 53533.30836324 30.16 201.211413  64.004161  4.564
 38    31.231 53533.30836388 28.13 201.208633  64.007291  4.564
 38    31.142 53533.30836453 26.20 201.205843  64.010411  4.564
 38    31.282 53533.30836517 26.11 201.203063  64.013531  4.564
 39    33.994 53568.30837720 19.16 201.220012  63.984476 19.640
 39    31.151 53568.30837785 19.02 201.217232  63.987596 19.640
 39    29.154 53568.30837849 22.71 201.214452  63.990716 19.640
 39    29.208 53568.30837914 30.64 201.211672  63.993836 19.640
 39    29.808 53568.30838107 42.77 201.203322  64.003206 19.640
 39    29.130 53568.30838172 25.36 201.200537  64.006323  5.379
 39    29.000 53568.30838236 23.53 201.197757  64.009453  5.379
 39    29.208 53568.30838301 30.17 201.194967  64.012573  5.379
 40    28.257 53603.30832401 44.86 201.228191  63.992252 16.781
 40    29.264 53603.30832466 42.84 201.225401  63.995372 16.781
 40    28.591 53603.30832530 43.39 201.222621  63.998502 16.781
 40    28.289 53603.30832595 46.60 201.219841  64.001622 16.781
 40    28.378 53603.30832659 42.98 201.217061  64.004742 16.781
 40    28.400 53603.30832724 40.47 201.214281  64.007861  8.085
 40    28.347 53603.30832788 39.90 201.211491  64.010991  8.085
 40    28.172 53603.30832853 29.81 201.208711  64.014111  8.085
 40    28.107 53603.30832917 27.17 201.205921  64.017231  8.085
 41    29.479 53638.30832551 22.68 201.190872  64.004330  4.542
 41    28.575 53638.30832615 21.18 201.188082  64.007450  4.542
 41    28.150 53638.30832680 18.89 201.185302  64.010570  4.542
 42    26.593 53673.30834150 45.92 201.215122  63.983957 23.438
 42    26.416 53673.30834214 44.91 201.212342  63.987077 23.438
 42    26.472 53673.30834279 45.74 201.209562  63.990197 23.438
 42    26.524 53673.30834537 31.41 201.198432  64.002687 23.438
 42    26.368 53673.30834601 37.96 201.195643  64.005810 13.110
 42    26.471 53673.30834666 44.17 201.192863  64.008930 13.110
 42    26.483 53673.30834730 45.48 201.190073  64.012050 13.110
 43    27.125 53708.30827367 32.63 201.232089  63.991454  6.108
 43    26.871 53708.30827431 21.94 201.229309  63.994574  6.108
 43    26.815 53708.30827496 21.11 201.226529  63.997694  6.108
 43    26.939 53708.30827560 21.98 201.223749  64.000824  6.108
 43    26.939 53708.30827625 22.71 201.220969  64.003944  6.108
 43    26.886 53708.30827689 22.28 201.218179  64.007064  6.108
 43    27.005 53708.30827754 23.73 201.215398  64.010181  4.886
 43    26.991 53708.30827818 22.43 201.212618  64.013311  4.886
 43    27.010 53708.30827882 22.03 201.209828  64.016431  4.886
 44    26.971 53743.30818521 17.64 201.235124  63.995675  4.586
 44    27.271 53743.30818586 18.82 201.232344  63.998795  4.586
 44    27.520 53743.30818650 19.99 201.229564  64.001925  4.586
 44    27.596 53743.30818715 21.15 201.226784  64.005045  4.586
 44    27.603 53743.30818779 21.61 201.223994  64.008165  4.586
 44    27.597 53743.30818844 21.55 201.221213  64.011285  7.003
 44    27.475 53743.30818908 22.69 201.218433  64.014415  7.003
 44    27.207 53743.30818972 21.76 201.215653  64.017535  7.003
 45    26.707 53778.30821102 14.21 201.224255  63.985675  4.774
 45    26.658 53778.30821166 14.85 201.221475  63.988795  4.774
 45    26.825 53778.30821231 15.77 201.218695  63.991915  4.774
 45    27.059 53778.30821295 17.32 201.215905  63.995035  4.774
 45    27.636 53778.30821489 21.02 201.207555  64.004405  4.774
 45    27.524 53778.30821553 21.24 201.204770  64.007527  7.115
 45    27.485 53778.30821618 19.94 201.201990  64.010647  7.115
 45    27.136 53778.30821682 20.13 201.199200  64.013767  7.115
 46    27.276 53813.30818738  8.92 201.232353  63.995417  3.374
 46    27.236 53813.30818803  9.79 201.229563  63.998537  3.374
 46    27.570 53813.30818867 11.12 201.226783  64.001657  3.374
 46    27.560 53813.30818932 13.24 201.224003  64.004787  3.374
 46    27.593 53813.30818996 14.22 201.221223  64.007907  3.374
 46    27.534 53813.30819061 17.37 201.218443  64.011027  3.374
 46    27.362 53813.30819125 17.03 201.215655  64.014147  7.241
 46    26.767 53813.30819190 18.07 201.212875  64.017267  7.241
 47    26.896 53848.30824222 13.81 201.211810  63.982002  3.779
 47    29.839 53848.30824287 10.06 201.209030  63.985132  3.779
 47    27.492 53848.30824351 11.15 201.206240  63.988252  3.779
 47    27.483 53848.30824674 11.77 201.192320  64.003862  3.779
 47    27.396 53848.30824738 12.32 201.189536  64.006983  5.973
 47    26.915 53848.30824803 15.88 201.186756  64.010103  5.973
 49    32.699 53918.30832398 19.02 201.214186  63.984396 19.290
 49    31.782 53918.30832462 18.68 201.211406  63.987516 19.290
 49    31.667 53918.30832526 22.24 201.208626  63.990636 19.290
 49    29.833 53918.30832784 18.90 201.197496  64.003126 19.290
 49    29.663 53918.30832849 15.77 201.194709  64.006253  2.528
 49    29.750 53918.30832913 12.22 201.191929  64.009373  2.528
 50    31.532 53953.30832650 18.21 201.215588  63.983988 25.993
 50    28.857 53953.30832715 22.75 201.212808  63.987108 25.993
 50    28.610 53953.30832779 29.98 201.210028  63.990228 25.993
 50    28.821 53953.30833037 35.31 201.198898  64.002718 25.993
 50    28.876 53953.30833102 20.52 201.196118  64.005838 25.993
 50    28.255 53953.30833166 16.12 201.193327  64.008965  5.995
 50    28.122 53953.30833230 14.77 201.190547  64.012085  5.995
 52    28.156 54023.30830785 23.27 201.208694  63.989750 10.703
 52    28.095 54023.30831043 30.98 201.197564  64.002240 10.703
 52    27.407 54023.30831108 32.59 201.194774  64.005360 10.703
 52    27.407 54023.30831172 37.49 201.191984  64.008481 13.287
 52    27.595 54023.30831237 47.64 201.189204  64.011601 13.287
 53    26.249 54058.30829945 30.62 201.224868  63.987943  8.425
 53    26.206 54058.30830009 29.41 201.222088  63.991073  8.425
 53    26.192 54058.30830074 27.07 201.219298  63.994193  8.425
 53    26.021 54058.30830138 27.52 201.216518  63.997313  8.425
 53    26.087 54058.30830267 25.85 201.210948  64.003553  8.425
 53    26.911 54058.30830332 25.69 201.208168  64.006673  8.425
 53    27.197 54058.30830396 25.42 201.205378  64.009803  8.425
 53    26.424 54058.30830461 25.30 201.202595  64.012924  4.185
 54    26.628 54093.30828035 23.82 201.226979  63.992262  5.892
 54    26.743 54093.30828100 24.30 201.224199  63.995382  5.892
 54    26.554 54093.30828164 21.19 201.221419  63.998502  5.892
 54    26.512 54093.30828229 18.67 201.218639  64.001622  5.892
 54    26.535 54093.30828293 19.48 201.215849  64.004742  5.892
 54    26.660 54093.30828358 18.47 201.213069  64.007872  5.892
 54    26.701 54093.30828422 20.21 201.210289  64.010992  5.892
 54    26.690 54093.30828487 18.86 201.207506  64.014108  4.207
 55    26.827 54128.30821688 10.14 201.212076  63.982132  2.806
 55    26.206 54128.30821752 10.49 201.209286  63.985252  2.806
 55    26.329 54128.30821817 10.57 201.206506  63.988372  2.806
 55    26.335 54128.30822139 12.41 201.192586  64.003982  2.806
 55    26.445 54128.30822204 12.41 201.189801  64.007102  3.306
 55    26.291 54128.30822268 12.15 201.187011  64.010222  3.306
 56    27.543 54163.30824926  9.53 201.222401  63.987204  5.450
 56    26.851 54163.30824990  9.26 201.219621  63.990324  5.450
 56    26.281 54163.30825055 10.37 201.216831  63.993444  5.450
 56    25.722 54163.30825119 10.91 201.214051  63.996564  5.450
 56    26.300 54163.30825248 12.85 201.208491  64.002814  5.450
 56    26.484 54163.30825313 13.79 201.205701  64.005934  5.450
 56    26.615 54163.30825377 13.95 201.202921  64.009054  5.450
 56    26.587 54163.30825442 15.62 201.200131  64.012174  5.450
 57    25.972 54198.30821962 31.96 201.213895  63.984312 19.420
 57    25.862 54198.30822026 31.41 201.211115  63.987432 19.420
 57    26.787 54198.30822091 23.32 201.208335  63.990562 19.420
 57    27.183 54198.30822349 30.22 201.197195  64.003042 19.420
 57    26.947 54198.30822413 35.13 201.194415  64.006162 19.420
 57    26.711 54198.30822478 36.19 201.191625  64.009292 19.420
 58    28.198 54233.30826363 48.95 201.215317  63.989310 26.693
 58    28.355 54233.30826428 41.09 201.212537  63.992430 26.693
 58    28.000 54233.30826621 40.57 201.204187  64.001800 26.693
 58    28.258 54233.30826686 43.83 201.201407  64.004920 26.693
 58    27.929 54233.30826750 46.46 201.198617  64.008040 26.693
 58    28.080 54233.30826815 49.21 201.195837  64.011160 26.693
 59    31.361 54268.30828210 14.09 201.221058  63.987719 10.376
 59    30.521 54268.30828275 17.37 201.218278  63.990839 10.376
 59    30.678 54268.30828339 22.52 201.215498  63.993959 10.376
 59    31.433 54268.30828404 25.74 201.212718  63.997089 10.376
 59    30.694 54268.30828533 18.01 201.207148  64.003329 10.376
 59    31.236 54268.30828597 14.71 201.204368  64.006449 10.376
 59    29.427 54268.30828662 13.95 201.201578  64.009569 10.376
 59    29.465 54268.30828726 10.93 201.198798  64.012689 10.376
 60    49.364 54303.30828542 18.09 201.222385  63.986163  8.315
 60    31.739 54303.30828606 16.32 201.219605  63.989283  8.315
 60    30.331 54303.30828671 17.10 201.216815  63.992403  8.315
 60    30.405 54303.30828735 17.71 201.214035  63.995523  8.315
 60    29.863 54303.30828864 16.78 201.208475  64.001773  8.315
 60    30.487 54303.30828929 18.73 201.205685  64.004893  8.315
 60    30.029 54303.30828993 18.45 201.202905  64.008013  8.315
 60    29.785 54303.30829058 20.92 201.200115  64.011133  8.315
 60    30.515 54303.30829122 22.27 201.197335  64.014253  8.315
 61    29.303 54338.30827111 50.39 201.224911  63.988700 23.271
 61    30.856 54338.30827175 53.63 201.222131  63.991820 23.271
 61    29.344 54338.30827240 47.86 201.219341  63.994940 23.271
 61    29.421 54338.30827304 45.28 201.216561  63.998060 23.271
 61    29.717 54338.30827369 40.75 201.213781  64.001180 23.271
 61    29.210 54338.30827433 45.64 201.211001  64.004310 23.271
 61    29.178 54338.30827498 44.69 201.208211  64.007430 23.271
 61    29.352 54338.30827562 41.65 201.205431  64.010550 23.271
 61    29.182 54338.30827627 37.14 201.202641  64.013670 23.271
 62    28.355 54373.30822223 33.63 201.202028  64.002178 18.225
 62    28.547 54373.30822287 28.26 201.199238  64.005298 18.225
 62    27.972 54373.30822351 35.81 201.196458  64.008428 18.225
 62    28.126 54373.30822416 43.42 201.193668  64.011548 18.225
 63    25.607 54408.30821604 45.37 201.223138  63.985538 12.261
 63    25.078 54408.30821669 42.18 201.220358  63.988658 12.261
 63    24.975 54408.30821733 33.45 201.217571  63.991778 18.310
 63    24.982 54408.30821798 30.42 201.214791  63.994898 18.310
 63    24.660 54408.30821991 27.74 201.206441  64.004268 18.310
 63    25.307 54408.30822056 27.81 201.203661  64.007388 18.310
 63    25.602 54408.30822120 40.30 201.200871  64.010508 18.310
 63    25.618 54408.30822185 50.85 201.198091  64.013638 18.310
 64    26.619 54443.30817950 12.46 201.209993  63.983628  3.740
 64    26.429 54443.30818015 13.66 201.207203  63.986748  3.740
 64    26.397 54443.30818337 14.63 201.193283  64.002348  3.740
 64    26.459 54443.30818402 14.48 201.190503  64.005478  3.740
 64    26.496 54443.30818466 13.61 201.187713  64.008598  3.740
 65    26.998 54478.30820577 10.09 201.221608  63.987002  2.507
 65    26.247 54478.30820641 10.69 201.218828  63.990122  2.507
 65    26.101 54478.30820706 10.15 201.216048  63.993242  2.507
 65    25.955 54478.30820770 11.64 201.213258  63.996362  2.507
 65    26.089 54478.30820899 11.45 201.207698  64.002612  2.507
 65    26.310 54478.30820964 11.71 201.204908  64.005732  2.507
 65    26.370 54478.30821028 12.58 201.202124  64.008855  4.073
 65    26.461 54478.30821093 11.96 201.199344  64.011975  4.073
 66    26.158 54513.30819469  8.19 201.211263  63.984726  2.565
 66    25.834 54513.30819533  8.38 201.208483  63.987846  2.565
 66    25.287 54513.30819855  8.44 201.194553  64.003456  2.565
 66    26.538 54513.30819920  8.12 201.191773  64.006576  2.565
 66    26.616 54513.30819984  7.41 201.188983  64.009696  2.565
 67    28.710 54548.30821983  6.73 201.223942  63.988954  2.795
 67    27.508 54548.30822047  7.43 201.221152  63.992084  2.795
 67    26.200 54548.30822112  7.89 201.218372  63.995204  2.795
 67    26.404 54548.30822176  7.26 201.215592  63.998324  2.795
 67    25.761 54548.30822241  8.23 201.212812  64.001444  2.795
 67    26.571 54548.30822305  7.14 201.210032  64.004564  2.795
 67    26.656 54548.30822370  7.03 201.207242  64.007694  2.795
 67    26.650 54548.30822434  7.70 201.204462  64.010814  2.795
 67    26.710 54548.30822499  6.53 201.201672  64.013934  2.795
 68    25.316 54583.30819076 16.38 201.219545  63.986989 13.428
 68    28.359 54583.30819140 16.36 201.216755  63.990109 13.428
 68    25.073 54583.30819204 17.57 201.213975  63.993229 13.428
 68    24.503 54583.30819398 20.29 201.205625  64.002599 13.428
 68    25.150 54583.30819462 21.57 201.202845  64.005719 13.428
 68    25.267 54583.30819527 25.10 201.200055  64.008839 13.428
 68    25.355 54583.30819591 27.94 201.197275  64.011959 13.428
 69    30.281 54618.30821411 50.69 201.206895  64.001936 20.334
 69    30.142 54618.30821475 44.81 201.204115  64.005056 20.334
 69    29.987 54618.30821540 52.23 201.201335  64.008186 20.334
 69    30.244 54618.30821604 48.43 201.198545  64.011306 20.334
 70    29.329 54653.30822339 38.18 201.216808  63.989880 21.756
 70    29.430 54653.30822404 43.66 201.214018  63.993010 21.756
 70    29.256 54653.30822597 49.01 201.205668  64.002370 21.756
 70    29.605 54653.30822662 44.30 201.202888  64.005490 21.756
 70    29.378 54653.30822726 47.35 201.200108  64.008620 21.756
 70    29.289 54653.30822790 44.08 201.197318  64.011740 21.756
 71    29.898 54688.30821199 51.16 201.224737  63.988010 26.722
 71    29.804 54688.30821264 50.87 201.221957  63.991130 26.722
 71    30.971 54688.30821328 44.57 201.219177  63.994250 26.722
 71    29.875 54688.30821393 46.27 201.216397  63.997380 26.722
 71    29.905 54688.30821522 49.46 201.210827  64.003620 26.722
 71    29.918 54688.30821586 52.15 201.208047  64.006740 26.722
 71    29.861 54688.30821651 50.77 201.205257  64.009860 26.722
 71    29.801 54688.30821715 51.29 201.202477  64.012980 26.722
 72    28.245 54723.30817446 18.08 201.194223  64.004100  8.634
 72    28.654 54723.30817510 16.72 201.191443  64.007220  8.634
 72    27.986 54723.30817575 16.67 201.188653  64.010340  8.634
 73    27.647 54758.30818755 45.11 201.221434  63.987445 20.494
 73    27.525 54758.30818820 43.80 201.218654  63.990565 20.494
 73    27.362 54758.30818884 36.29 201.215874  63.993685 20.494
 73    27.209 54758.30818949 35.69 201.213094  63.996805 20.494
 73    27.407 54758.30819078 38.46 201.207524  64.003045 20.494
 73    27.429 54758.30819142 40.60 201.204744  64.006175 20.494
 73    27.494 54758.30819207 43.42 201.201954  64.009295 20.494
 73    27.569 54758.30819271 47.15 201.199173  64.012418  8.952
 74    27.599 54793.30816355 18.40 201.208725  63.983707  5.745
 74    27.464 54793.30816420 18.38 201.205945  63.986827  5.745
 74    27.390 54793.30816742 21.82 201.192015  64.002437  5.745
 74    27.558 54793.30816806 22.17 201.189235  64.005557  5.745
 74    27.560 54793.30816871 22.63 201.186445  64.008677  5.745
 75    27.458 54828.30818570 11.09 201.220202  63.985159  4.010
 75    27.536 54828.30818635 11.92 201.217422  63.988279  4.010
 75    27.503 54828.30818699 12.71 201.214642  63.991399  4.010
 75    27.323 54828.30818764 13.69 201.211852  63.994529  4.010
 75    27.521 54828.30818957 14.48 201.203502  64.003889  4.010
 75    27.596 54828.30819022 14.47 201.200722  64.007009  4.010
 75    27.590 54828.30819086 14.61 201.197932  64.010139  4.010
 75    27.543 54828.30819151 13.86 201.195152  64.013259  4.010
 76    31.044 54863.30815780  5.79 201.213595  63.984389  2.318
 76    31.759 54863.30815845  5.86 201.210805  63.987509  2.318
 76    27.822 54863.30816167  5.67 201.196895  64.003119  2.318
 76    27.981 54863.30816232  5.14 201.194105  64.006239  2.318
 76    27.627 54863.30816296  6.02 201.191315  64.009359  2.318
 77    30.961 54898.30818542  5.91 201.223853  63.985618  1.695
 77    30.917 54898.30818606  6.03 201.221073  63.988738  1.695
 77    30.364 54898.30818671  5.67 201.218293  63.991858  1.695
 77    30.448 54898.30818735  5.36 201.215503  63.994988  1.695
 77    29.191 54898.30818928  4.53 201.207153  64.004348  1.695
 77    28.284 54898.30818993  4.37 201.204373  64.007468  1.695
 77    28.738 54898.30819057  4.04 201.201593  64.010598  1.695
 77    27.760 54898.30819122  3.88 201.198803  64.013718  1.695
 78    31.296 54933.30815251  6.18 201.215078  63.984596  1.570
 78    29.635 54933.30815316  6.18 201.212298  63.987726  1.570
 78    30.666 54933.30815380  5.82 201.209508  63.990846  1.570
 78    29.857 54933.30815638  4.90 201.198378  64.003326  1.570
 78    29.735 54933.30815702  4.43 201.195588  64.006456  1.570
 78    29.833 54933.30815767  4.18 201.192808  64.009576  1.570
 79    35.086 54968.30818694 51.28 201.220836  63.985885 32.364
 79    34.981 54968.30818758 52.21 201.218056  63.989005 32.364
 79    35.038 54968.30818823 50.13 201.215276  63.992135 32.364
 79    35.053 54968.30818887 50.50 201.212496  63.995255 32.364
 79    35.078 54968.30819016 46.82 201.206926  64.001495 32.364
 79    35.096 54968.30819080 52.08 201.204136  64.004615 32.364
 79    35.085 54968.30819145 51.98 201.201356  64.007745 32.364
 79    35.047 54968.30819209 52.30 201.198566  64.010865 32.364
 79    34.939 54968.30819274 50.21 201.195786  64.013985 32.364
 80    30.549 55003.30821042 16.92 201.201969  64.003947  8.398
 80    30.167 55003.30821106 15.44 201.199179  64.007067  8.398
 80    29.886 55003.30821171 15.69 201.196399  64.010197  8.398
 80    29.844 55003.30821235 14.97 201.193609  64.013317  8.398
 81    32.555 55038.30819706 17.64 201.207342  64.003600  9.332
 81    29.172 55038.30819770 15.27 201.204562  64.006720  9.332
 81    28.873 55038.30819835 14.27 201.201782  64.009850  9.332
 81    28.239 55038.30819899 13.04 201.198992  64.012970  9.332
 82    27.819 55073.30817959 18.28 201.224006  63.990347 18.673
 82    27.837 55073.30818023 20.05 201.221226  63.993467 18.673
 82    27.792 55073.30818088 24.35 201.218446  63.996597 18.673
 82    27.811 55073.30818152 32.01 201.215666  63.999717 18.673
 82    27.839 55073.30818217 41.92 201.212876  64.002837 18.673
 82    27.933 55073.30818281 38.06 201.210096  64.005957 18.673
 82    27.879 55073.30818346 34.48 201.207316  64.009077 18.673
 82    27.469 55073.30818410 32.12 201.204526  64.012197 18.673
 82    27.256 55073.30818474 27.65 201.201746  64.015327 18.673
 83    27.491 55108.30812974 50.41 201.195350  64.004168 20.246
 83    27.907 55108.30813039 51.22 201.192560  64.007298 20.246
 83    27.661 55108.30813103 45.98 201.189780  64.010418 20.246
 84    27.233 55143.30813003 35.14 201.223287  63.985707 19.198
 84    27.151 55143.30813067 36.86 201.220507  63.988827 19.198
 84    27.194 55143.30813132 40.94 201.217727  63.991957 19.198
 84    27.099 55143.30813196 37.58 201.214937  63.995077 19.198
 84    27.059 55143.30813390 33.34 201.206587  64.004437 19.198
 84    27.157 55143.30813454 33.96 201.203807  64.007557 19.198
 84    27.284 55143.30813519 38.81 201.201027  64.010687 19.198
 84    27.393 55143.30813583 41.75 201.198237  64.013807 19.198
 85    26.614 55178.30809802 13.85 201.211531  63.982392  3.278
 85    26.629 55178.30809867 13.64 201.208751  63.985512  3.278
 85    26.439 55178.30809931 13.96 201.205961  63.988632  3.278
 85    27.182 55178.30810254 12.93 201.192041  64.004242  3.278
 85    27.227 55178.30810318 13.03 201.189251  64.007362  3.278
 85    27.048 55178.30810383 13.49 201.186471  64.010482  3.278
 86    26.573 55213.30812502  9.57 201.221080  63.987073  3.324
 86    26.595 55213.30812566 10.15 201.218300  63.990193  3.324
 86    26.645 55213.30812631  9.81 201.215520  63.993323  3.324
 86    26.658 55213.30812695 10.00 201.212740  63.996443  3.324
 86    27.145 55213.30812824 10.80 201.207170  64.002683  3.324
 86    27.191 55213.30812889 10.89 201.204390  64.005803  3.324
 86    27.255 55213.30812953 10.59 201.201600  64.008923  3.324
 86    27.188 55213.30813018 11.19 201.198820  64.012053  3.324
 87    27.371 55248.30809830 14.16 201.217104  63.983313  6.015
 87    26.724 55248.30809894 14.76 201.214324  63.986433  6.015
 87    26.407 55248.30809959 15.59 201.211544  63.989563  6.015
 87    26.969 55248.30810216 19.32 201.200404  64.002043  6.015
 87    27.095 55248.30810281 20.52 201.197624  64.005163  6.015
 87    27.074 55248.30810345 21.11 201.194834  64.008293  6.015
 87    26.897 55248.30810410 22.57 201.192054  64.011413  6.015
 88    27.522 55283.30811861  6.73 201.224630  63.986284  3.963
 88    27.254 55283.30811925  6.97 201.221850  63.989404  3.963
 88    26.938 55283.30811990  7.80 201.219070  63.992534  3.963
 88    26.681 55283.30812054  8.40 201.216280  63.995654  3.963
 88    26.915 55283.30812183  8.66 201.210720  64.001894  3.963
 88    27.094 55283.30812247 10.05 201.207930  64.005014  3.963
 88    27.143 55283.30812312  9.87 201.205150  64.008144  3.963
 88    27.235 55283.30812376 11.07 201.202370  64.011264  3.963
 88    26.844 55283.30812441 12.56 201.199580  64.014384  3.963
 89    29.324 55318.30808949 33.62 201.218180  63.988717 20.317
 89    28.136 55318.30809013 26.97 201.215390  63.991837 20.317
 89    28.547 55318.30809078 28.61 201.212610  63.994957 20.317
 89    27.450 55318.30809271 39.15 201.204260  64.004327 20.317
 89    27.192 55318.30809336 40.65 201.201480  64.007447 20.317
 89    26.978 55318.30809400 34.25 201.198690  64.010567 20.317
 89    26.528 55318.30809465 28.24 201.195910  64.013687 20.317
 90    28.041 55353.30809132 48.83 201.224195  63.986067 29.944
 90    28.399 55353.30809196 54.45 201.221415  63.989187 29.944
 90    28.592 55353.30809261 52.60 201.218635  63.992307 29.944
 90    28.572 55353.30809325 52.51 201.215845  63.995437 29.944
 90    28.417 55353.30809454 49.14 201.210285  64.001677 29.944
 90    28.430 55353.30809519 51.34 201.207495  64.004797 29.944
 90    28.471 55353.30809583 48.39 201.204715  64.007917 29.944
 90    28.468 55353.30809648 41.46 201.201935  64.011047 29.944
 90    28.204 55353.30809712 39.49 201.199145  64.014167 29.944
 91    30.354 55388.30809246 13.27 201.196188  64.002324  9.078
 91    30.404 55388.30809311 10.87 201.193398  64.005454  9.078
 91    29.807 55388.30809375 10.35 201.190618  64.008574  9.078
 92    30.441 55423.30811237 31.80 201.208589  64.002280 15.978
 92    30.135 55423.30811301 21.56 201.205809  64.005400 15.978
 92    28.933 55423.30811366 21.94 201.203018  64.008526  7.135
 92    29.171 55423.30811430 33.36 201.200238  64.011646  7.135
 93    31.263 55458.30808149 15.14 201.226488  63.989758 11.382
 93    28.214 55458.30808214 17.33 201.223708  63.992878 11.382
 93    28.312 55458.30808278 22.89 201.220928  63.995998 11.382
 93    28.544 55458.30808343 24.14 201.218148  63.999118 11.382
 93    29.211 55458.30808407 23.17 201.215368  64.002248 11.382
 93    28.802 55458.30808472 26.49 201.212578  64.005368 11.382
 93    28.357 55458.30808536 22.94 201.209798  64.008488 11.382
 93    28.001 55458.30808601 19.24 201.207008  64.011608 11.382
 93    27.899 55458.30808665 14.98 201.204228  64.014728 11.382
