#   -6.440  -3.858  17.866 ;Mean Elev.(m), Avg Gradient(m/km), RMS Gradient(m/km)
 13     5.984 52666.91113771 16.67 198.057783  61.597079  3.416
 13     5.793 52666.91113836 17.14 198.055383  61.593929  3.416
 14     5.337 52701.91110888 42.39 198.071981  61.589128 16.086
 14     5.504 52701.91110952 44.11 198.069581  61.585978 16.086
 16     7.639 52771.91111853 45.88 198.057545  61.605274 27.723
 16     7.607 52771.91111918 50.64 198.055145  61.602124 27.723
 16     7.579 52771.91111982 48.59 198.052745  61.598974 27.723
 20     9.864 52911.91123027 18.30 198.058963  61.596334  9.954
 20     9.623 52911.91123091 19.12 198.056563  61.593174  9.954
 21     6.001 52946.91118700 47.28 198.072551  61.588197 18.367
 21     5.818 52946.91118765 52.23 198.070141  61.585037 18.367
 23     5.499 53016.91121894 12.57 198.056666  61.602565  3.246
 23     5.603 53016.91121958 12.04 198.054266  61.599405  3.246
 23     5.568 53016.91122023 11.16 198.051866  61.596255  3.246
 24     4.767 53051.91119932 20.52 198.067479  61.591256  7.994
 24     4.800 53051.91119997 19.06 198.065079  61.588106  7.994
 25     4.523 53086.91123257 16.80 198.056199  61.612286  5.618
 25     4.598 53086.91123321 17.46 198.053799  61.609136  5.618
 25     5.033 53086.91123386 16.64 198.051399  61.605986  5.618
 25     4.678 53086.91123450 15.95 198.048999  61.602826  5.618
 27    11.560 53156.91126066 47.20 198.058248  61.597720 20.327
 27    11.472 53156.91126130 49.85 198.055852  61.594570 44.983
 29     7.966 53226.91125572 42.28 198.058739  61.595002 27.485
 29     7.916 53226.91125637 35.04 198.056339  61.591852 27.485
 30     7.039 53261.91122624 25.83 198.057361  61.611666 14.384
 30     7.614 53261.91122688 22.13 198.054961  61.608506 14.384
 30     7.783 53261.91122753 19.97 198.052561  61.605356 14.384
 30     9.869 53261.91122817 19.18 198.050161  61.602206 14.384
 31    10.235 53296.91126419 14.84 198.056130  61.596231 10.241
 31     9.854 53296.91126483 16.68 198.053730  61.593081 10.241
 33     5.632 53366.91118089 16.66 198.057160  61.603123  3.587
 33     5.704 53366.91118153 15.58 198.054760  61.599963  3.587
 33     5.737 53366.91118217 15.37 198.052360  61.596813  3.587
 35     6.480 53436.91119816 13.17 198.056902  61.601030  4.904
 35     5.777 53436.91119881 12.76 198.054502  61.597880  4.904
 35     5.599 53436.91119945 11.61 198.052102  61.594730  4.904
 36     4.358 53471.91125097 20.28 198.060954  61.594733  6.670
 36     4.298 53471.91125161 18.59 198.058554  61.591573  6.670
 37    12.081 53506.91128195 31.36 198.056466  61.596377 24.447
 37    12.189 53506.91128259 35.66 198.054066  61.593227 24.447
 38    11.977 53541.91128777 44.61 198.056755  61.598161 24.450
 38    11.782 53541.91128841 36.11 198.054355  61.595011 24.450
 39    10.653 53576.91127452 39.87 198.058300  61.606034 31.833
 39    10.774 53576.91127516 47.31 198.055900  61.602884 31.833
 39     9.762 53576.91127581 42.03 198.053500  61.599724 31.833
 39     9.737 53576.91127645 47.05 198.051100  61.596574 31.833
 40     9.334 53611.91122584 35.67 198.056364  61.610076 23.587
 40     9.322 53611.91122649 28.82 198.053964  61.606926 23.587
 40     8.358 53611.91122713 31.92 198.051564  61.603776 23.587
 40     8.433 53611.91122778 46.23 198.049164  61.600616 23.587
 42     6.878 53681.91124739 37.44 198.057077  61.604509 19.252
 42     6.919 53681.91124804 42.30 198.054677  61.601349 19.252
 42     7.092 53681.91124868 38.43 198.052277  61.598199 19.252
 43     9.870 53716.91117580 15.09 198.056902  61.599547  5.499
 43    10.131 53716.91117644 13.20 198.054502  61.596397  5.499
 44     6.728 53751.91109634 11.72 198.070737  61.588837  3.483
 44     6.581 53751.91109698 12.78 198.068337  61.585687  3.483
 46     4.801 53821.91107788 13.55 198.058080  61.611077  3.630
 46     4.863 53821.91107853 12.41 198.055680  61.607927  3.630
 46     4.879 53821.91107917 12.01 198.053280  61.604777  3.630
 46     4.800 53821.91107982 11.68 198.050880  61.601617  3.630
 49    11.202 53926.91124270 39.27 198.058149  61.606084 27.976
 49    10.899 53926.91124335 36.47 198.055749  61.602934 27.976
 49    10.966 53926.91124399 27.49 198.053349  61.599784 27.976
 49    12.226 53926.91124464 25.64 198.050949  61.596634 27.976
 50     9.537 53961.91122669 39.64 198.058086  61.611443 30.449
 50     9.284 53961.91122733 40.91 198.055686  61.608293 30.449
 50     9.172 53961.91122798 34.46 198.053286  61.605143 30.449
 50     9.129 53961.91122862 28.72 198.050886  61.601983 30.449
 51    12.491 53996.91117321 19.55 198.074476  61.589127 12.892
 51    10.316 53996.91117386 22.53 198.072076  61.585977 12.892
 54     5.872 54101.91117786 11.77 198.056679  61.605604  3.220
 54     5.706 54101.91117850 12.54 198.054279  61.602444  3.220
 54     5.901 54101.91117915 10.81 198.051879  61.599294  3.220
 56     4.500 54171.91115479 22.82 198.058307  61.604859  8.112
 56     4.632 54171.91115543 20.01 198.055907  61.601699  8.112
 56     4.539 54171.91115608 19.15 198.053507  61.598549  8.112
 56     4.528 54171.91115672 17.48 198.051107  61.595399  8.112
 59     9.709 54276.91119848 18.54 198.059790  61.595507 17.430
 59     9.962 54276.91119913 17.22 198.057390  61.592347 17.430
 60     9.261 54311.91119948 45.56 198.059632  61.595049 26.257
 60     9.295 54311.91120012 35.37 198.057232  61.591889 26.257
 61     9.474 54346.91117086 28.42 198.056694  61.604223 15.713
 61     9.342 54346.91117151 25.64 198.054294  61.601073 15.713
 61     9.655 54346.91117215 19.38 198.051894  61.597923 15.713
 63     6.068 54416.91112084 44.50 198.056712  61.599953 18.445
 63     6.070 54416.91112149 49.17 198.054312  61.596803 18.445
 67    11.979 54556.91112725  0.25 198.058529  61.603799  3.868
 67    11.488 54556.91112790  0.18 198.056129  61.600649  3.868
 67    10.696 54556.91112854  0.81 198.053729  61.597489  3.868
 71    10.110 54696.91111294 33.70 198.058181  61.601746 23.465
 71    10.226 54696.91111359 41.77 198.055781  61.598596 23.465
 71    10.047 54696.91111423 39.85 198.053381  61.595436 23.465
 73     8.046 54766.91109346 41.84 198.058155  61.595082 15.139
 73     8.353 54766.91109411 39.86 198.055755  61.591932 15.139
 75     9.214 54836.91108537  9.30 198.058837  61.596419  2.787
 75     9.158 54836.91108602  9.17 198.056437  61.593259  2.787
 77    11.422 54906.91109094  9.07 198.058540  61.609439  3.060
 77    11.637 54906.91109159  9.09 198.056140  61.606289  3.060
 77    12.085 54906.91109223  9.34 198.053740  61.603139  3.060
 77    12.041 54906.91109288  9.25 198.051340  61.599979  3.060
 80    11.213 55011.91111585 50.94 198.057962  61.597607 27.190
 80    11.218 55011.91111649 49.60 198.055562  61.594457 27.190
 82     7.596 55081.91107853 28.08 198.057016  61.605280 12.902
 82     8.921 55081.91107917 19.26 198.054616  61.602130 12.902
 82    11.032 55081.91107982 20.41 198.052216  61.598980 12.902
 84     5.929 55151.91103779 41.54 198.057525  61.597961 11.456
 84     6.344 55151.91103843 49.17 198.055125  61.594801 11.456
 86     5.016 55221.91103627 35.63 198.057469  61.598075  8.155
 86     5.155 55221.91103691 44.90 198.055069  61.594915  8.155
 87     4.990 55256.91102307 15.66 198.061643  61.593051  4.292
 87    11.703 55256.91102372 15.37 198.059243  61.589901  4.292
 88     4.603 55291.91102292 15.56 198.057635  61.606155  4.826
 88     4.435 55291.91102356 15.94 198.055235  61.603005  4.826
 88     4.485 55291.91102420 15.67 198.052835  61.599855  4.826
 88     4.465 55291.91102485 15.18 198.050435  61.596695  4.826
 89     6.544 55326.91100683 40.71 198.057779  61.595633 17.018
 89    12.199 55326.91100747 35.20 198.055379  61.592483 17.018
 90    12.012 55361.91100296 22.13 198.056419  61.597821 14.850
 90    12.188 55361.91100360 26.98 198.054019  61.594671 14.850
 93     8.714 55466.91097629 30.26 198.056789  61.606248 16.052
 93     8.804 55466.91097694 28.56 198.054389  61.603098 16.052
 93    10.217 55466.91097758 22.45 198.051989  61.599948 16.052
