# NaN NaN NaN ;Mean Elev.(m), Avg Gradient(m/km), RMS Gradient(m/km) - SRTM1     
#   95.414 -12.222  21.506 ;Mean Elev.(m), Avg Gradient(m/km), RMS Gradient(m/km) - ASTER GDEM
#   93.141 -11.563  17.442 ;Mean Elev.(m), Avg Gradient(m/km), RMS Gradient(m/km) - GMTED2010 
  6 211.368431  66.122898    93.884    93.884  2 52440.27477601 38.609
  7 211.375868  66.120506    92.545    92.900  3 52475.27477307 31.016
  8 211.393962  66.119765    93.265    93.265  2 52510.27473023 53.192
  9 211.373784  66.119069    93.068    93.003  3 52545.27474080 45.167
 10 211.376282  66.119889    90.832    90.850  4 52580.27477130 48.732
 11 211.388930  66.119831    91.268    91.268  2 52615.27473933 21.676
 12 211.379797  66.120511    90.924    90.936  4 52650.27471824 16.822
 13 211.393856  66.120344    92.180    92.180  2 52685.27470372 13.180
 14 211.376676  66.121312    92.559    92.386  4 52720.27475583 11.079
 15 211.378196  66.120507    90.015    89.774  5 52755.27477965 25.395
 17 211.371953  66.120950    92.844    92.844  2 52825.27479827 45.797
 18 211.377070  66.119050    91.802    91.807  4 52860.27484364 50.699
 19 211.375468  66.126089   107.220   107.220  2 52895.27487561 36.961
 20 211.395179  66.118973    92.285    92.274  3 52930.27482265 45.005
 21 211.369415  66.122367    91.363    91.363  2 52965.27481544 20.907
 22 211.376989  66.119545    91.560    91.531  4 53000.27484865 18.346
 23 211.392093  66.119845    91.707    91.486  3 53035.27479773 12.807
 24 211.378290  66.121768    93.605    93.602  5 53070.27481758  9.743
 26 211.376458  66.119110    95.777    95.923  4 53140.27482360 42.412
 28 211.380171  66.121669    93.451    92.730  4 53210.27487569 40.871
 29 211.390632  66.119360    91.705    91.705  2 53245.27484291 43.848
 31 211.378544  66.119873    89.765    89.764  4 53315.27484297 22.277
 32 211.390659  66.120083    92.060    92.151  3 53350.27480836 15.231
 34 211.390345  66.120139    92.082    92.299  3 53420.27479310  7.402
 36 211.370009  66.121370    89.427    89.427  2 53490.27488487 34.532
 37 211.385380  66.119446    97.913    97.706  3 53525.27486868 32.955
 38 211.376138  66.122819    92.780    92.788  3 53560.27489704 44.561
 41 211.374603  66.121403    92.318    92.294  4 53665.27485190 44.446
 42 211.391509  66.118979    90.808    90.808  2 53700.27480524 23.260
 44 211.383261  66.119897    90.793    90.909  3 53770.27471620 14.070
 49 211.373877  66.121566    91.977    91.958  4 53945.27484418 48.967
 57 211.377820  66.119532    92.278    92.197  4 54225.27477215 29.063
 58 211.380831  66.120951    95.491    95.585  5 54260.27479276 45.808
 59 211.384091  66.119432    94.846    94.702  3 54295.27479608 44.482
 62 211.384533  66.119170    93.208    92.910  3 54400.27473020 40.208
 63 211.395352  66.118877    92.352    92.352  2 54435.27468729 26.536
 64 211.375610  66.121304    92.857    92.893  4 54470.27471453 19.116
 65 211.394783  66.119761    93.243    93.177  3 54505.27470126 10.300
 66 211.385310  66.119799    93.446    92.618  4 54540.27472900  7.377
 69 211.383903  66.119747    93.581    93.557  3 54645.27472882 25.518
 70 211.387028  66.117433    95.924    95.924  2 54680.27472972 38.996
 72 211.376701  66.120204    93.938    94.063  4 54750.27470100 41.348
 73 211.392824  66.118771    94.075    94.075  2 54785.27466888 24.301
 74 211.375858  66.121530    91.422    91.377  4 54820.27469431 10.898
 75 211.392218  66.118990    92.513    92.767  3 54855.27466551 10.097
 76 211.383324  66.119769    91.711    91.462  3 54890.27469784  8.792
 78 211.377314  66.119502    96.632    96.555  4 54960.27469627 40.842
 79 211.379339  66.121999    95.967    96.072  5 54995.27471826 46.541
 80 211.385300  66.119556    92.026    91.962  3 55030.27470744 51.159
 81 211.389641  66.119120    91.253    91.253  2 55065.27469794 50.655
 83 211.378205  66.120429    92.827    92.308  4 55135.27464340 40.429
 84 211.395096  66.118932    92.377    92.377  2 55170.27460615 16.222
 85 211.377308  66.120507    91.774    91.892  4 55205.27463677 11.302
 86 211.395732  66.118499    92.762    92.762  2 55240.27461226  9.546
 87 211.387579  66.118892    90.845    90.850  3 55275.27463013 10.579
 89 211.386130  66.119281    94.419    94.437  4 55345.27459909 43.856
 91 211.371529  66.125186    92.934    92.934  2 55415.27462020 14.369
