# NaN NaN NaN ;Mean Elev.(m), Avg Gradient(m/km), RMS Gradient(m/km) - SRTM1     
#   10.259  -0.107   3.246 ;Mean Elev.(m), Avg Gradient(m/km), RMS Gradient(m/km) - ASTER GDEM
#    0.379  -0.330   0.624 ;Mean Elev.(m), Avg Gradient(m/km), RMS Gradient(m/km) - GMTED2010 
  7 195.843367  62.692296     1.996     2.001  6 52444.32596639 29.753
  8 195.856503  62.685492     1.847     1.878  9 52479.32595809 32.033
  9 195.891345  62.668056    -2.132    -2.068 16 52514.32590001 46.568
 11 195.872219  62.678472     1.450     1.467 12 52584.32593488 38.091
 12 195.875556  62.675951     1.026     0.922 13 52619.32591203 32.795
 13 195.867045  62.680921     1.483     1.164 11 52654.32589682 18.970
 14 195.882909  62.672578     1.555     1.475 15 52689.32589078 11.456
 15 195.862325  62.682567     1.481     1.610 10 52724.32593774 21.051
 16 195.859107  62.684327     1.692     1.712  9 52759.32595783 34.754
 17 195.851906  62.687421     1.815     1.845  7 52794.32591340 48.104
 18 195.854848  62.686544     1.680     1.703  9 52829.32598031 37.247
 19 195.866399  62.680777     2.005     1.988 10 52864.32602346 46.271
 20 195.867808  62.680442     2.035     2.052 11 52899.32605254 26.796
 21 195.878660  62.674992     1.177     1.208 14 52934.32599509 22.987
 22 195.852480  62.687346     1.274     0.892  7 52969.32601236 27.168
 23 195.853915  62.687469     1.082     1.126  8 53004.32603157 15.149
 25 195.862576  62.683268     1.296     1.279 10 53074.32601012 13.047
 26 195.835500  62.693732     0.811     0.816  5 53109.32598269 41.266
 27 195.851768  62.688303     1.960     2.028  8 53144.32602227 38.376
 28 195.868134  62.679842     2.616     2.651 11 53179.32603590 37.424
 29 195.860230  62.683990     1.429     1.431 10 53214.32605836 39.058
 30 195.879686  62.673995     1.516     1.529 13 53249.32602573 48.374
 31 195.838150  62.694460     1.332     1.360  5 53284.32602565 48.742
 32 195.866993  62.680808     0.130     0.120 11 53319.32601236 26.730
 33 195.886927  62.671203     0.720     0.684 16 53354.32597717 18.200
 34 195.842899  62.692233     1.583     1.638  6 53389.32598512 19.590
 35 195.877858  62.675464     1.543     1.528 13 53424.32597980 14.869
 36 195.854521  62.686889     1.492     1.548  8 53459.32598763  8.983
 37 195.846032  62.690316     1.274     1.238  6 53494.32607389 32.071
 38 195.876806  62.674988     2.716     2.680 13 53529.32604598 31.849
 39 195.861445  62.683234     2.028     2.027  9 53564.32607832 45.658
 40 195.881661  62.673246     1.505     1.534 14 53599.32601748 36.603
 41 195.840202  62.692686     2.135     2.117  5 53634.32601852 26.769
 42 195.852538  62.687445     1.213     1.250  8 53669.32603880 28.470
 43 195.882972  62.672859     0.763     0.793 15 53704.32597413 29.007
 44 195.903019  62.663532     0.982     0.927 17 53739.32588126 14.545
 45 195.866870  62.680510     0.925     0.927 10 53774.32590411 19.392
 46 195.890214  62.668957     1.181     1.180 17 53809.32588552 10.074
 48 195.860680  62.684111     2.063     2.013 10 53879.32595972 36.899
 49 195.850096  62.688767     1.937     1.925  8 53914.32601640 26.881
 50 195.853873  62.687009     1.946     1.915  8 53949.32602701 25.557
 51 195.878118  62.674992     2.167     2.168 13 53984.32596292 46.642
 52 195.851037  62.688478     1.747     1.746  7 54019.32600038 31.738
 53 195.875111  62.677231     0.224     0.224 13 54054.32598822 34.158
 54 195.877750  62.675473     1.033     1.022 13 54089.32597863 19.408
 55 195.846230  62.690200     1.188     1.158  6 54124.32590625 13.781
 56 195.862851  62.683078     1.903     1.951 10 54159.32594607 15.451
 57 195.846703  62.690680     1.157     1.007  6 54194.32590881 16.336
 58 195.861411  62.682852     1.707     1.569  9 54229.32595853 36.806
 59 195.861471  62.683647     1.701     1.704 10 54264.32597683 26.339
 60 195.866341  62.680883     1.639     1.646 10 54299.32597970 26.029
 61 195.875153  62.676746     1.945     1.969 12 54334.32596904 37.817
 63 195.869742  62.679019     1.322     1.328 11 54404.32591339 49.514
 64 195.839829  62.693078     1.188     1.219  5 54439.32587410 25.788
 65 195.861619  62.683524     0.615     0.598 10 54474.32590094 16.682
 66 195.847186  62.689670     1.255     1.262  7 54509.32588587 11.288
 67 195.869407  62.678786     1.541     1.750 11 54544.32591427  9.439
 68 195.860597  62.683391     1.786     1.855  9 54579.32588383 30.293
 69 195.867156  62.681189     2.629     2.701 11 54614.32590481 38.579
 70 195.858644  62.684146     1.753     1.817  9 54649.32591522 33.908
 71 195.872534  62.678500     1.982     2.003 12 54684.32591073 28.596
 72 195.847491  62.689766     1.506     1.502  7 54719.32586097 29.131
 73 195.861446  62.683059     1.095     1.120  9 54754.32588530 42.948
 74 195.844162  62.691596     0.741     0.785  7 54789.32585475 22.870
 75 195.857425  62.685409     1.159     1.148  8 54824.32588144 30.726
 76 195.846837  62.690453     1.578     1.544  7 54859.32584754 12.731
 77 195.868211  62.679883     2.424     2.440 11 54894.32588170 10.889
 78 195.845972  62.690615     2.681     2.601  6 54929.32584730  9.418
 79 195.861355  62.683685     1.686     1.573 10 54964.32588283 35.179
 80 195.860592  62.684053     2.547     2.529 10 54999.32590318 30.365
 81 195.859802  62.684249     1.801     1.874  9 55034.32589021 33.868
 82 195.877765  62.674879     1.733     1.806 13 55069.32587741 26.112
 83 195.844566  62.691375     1.528     1.560  6 55104.32582150 37.134
 84 195.864641  62.682046     0.832     0.823 10 55139.32582634 38.607
 85 195.846204  62.690188     1.397     1.420  6 55174.32578888 35.469
 86 195.860539  62.683381     1.432     1.568  9 55209.32582189 21.012
 87 195.849554  62.688309     1.477     1.462  7 55244.32579430 19.068
 88 195.871123  62.678141     1.640     1.435 12 55279.32581443 14.131
 89 195.860089  62.683715     2.183     2.224  9 55314.32578023  7.418
 90 195.872075  62.677683     2.581     2.520 12 55349.32578536 22.397
 91 195.848839  62.688869     1.443     1.466  7 55384.32578043 34.052
 92 195.861884  62.683261     1.972     1.984 10 55419.32580542 37.293
 93 195.878798  62.675161     2.029     2.009 14 55454.32578187 26.137
 94 195.893247  62.667265     0.745     0.742 17 55489.32569962 50.524
