# NaN NaN NaN ;Mean Elev.(m), Avg Gradient(m/km), RMS Gradient(m/km) - SRTM1     
#   68.366   0.110  30.560 ;Mean Elev.(m), Avg Gradient(m/km), RMS Gradient(m/km) - ASTER GDEM
#   35.848  -0.419  29.989 ;Mean Elev.(m), Avg Gradient(m/km), RMS Gradient(m/km) - GMTED2010 
  7 202.622150  64.813452    36.360    36.374  3 52461.30241355 20.214
  8 202.625275  64.815124    36.450    36.442  4 52496.30241471 39.325
  9 202.606981  64.805916    36.450    36.450  2 52531.30239949 52.683
 10 202.620107  64.809869    33.848    33.848  2 52566.30242102 46.750
 11 202.621166  64.811636    33.104    33.100  3 52601.30243520 24.416
 12 202.610480  64.807829    34.012    34.012  2 52636.30239827 48.042
 13 202.619737  64.812751    34.029    33.649  3 52671.30240467 23.338
 14 202.615553  64.809097    36.502    36.655  3 52706.30240090 10.213
 15 202.619494  64.813220    35.531    36.364  3 52741.30243457 10.836
 16 202.633164  64.816930    36.414    36.414  2 52776.30237906 48.499
 17 202.609309  64.807168    37.492    37.495  3 52811.30245497 48.990
 18 202.611379  64.808057    36.779    36.779  2 52846.30251032 17.658
 19 202.618354  64.809392    36.664    36.652  3 52881.30254740 50.571
 20 202.627123  64.816514    34.583    34.604  3 52916.30250563 49.675
 21 202.612036  64.808843    32.665    32.622  3 52951.30246523 49.729
 22 202.622753  64.813427    35.007    35.648  3 52986.30248468 17.544
 23 202.626906  64.814643    37.258    36.999  3 53021.30247450 10.713
 24 202.619728  64.810639    36.056    36.056  2 53056.30246347 10.602
 25 202.620259  64.814176    34.931    36.237  3 53091.30250182 14.638
 26 202.615560  64.808866    36.014    34.284  3 53126.30247167 38.372
 27 202.615228  64.807630    39.237    39.197  3 53161.30253371 47.552
 28 202.622144  64.811060    36.374    36.444  3 53196.30253210 47.407
 29 202.626376  64.814809    35.878    35.890  3 53231.30251557 49.604
 30 202.631142  64.816061    34.004    34.004  2 53266.30248546 49.102
 31 202.606815  64.807169    32.892    32.875  3 53301.30253525 49.456
 32 202.622198  64.811254    32.386    32.398  3 53336.30250609 26.369
 33 202.632335  64.816659    32.569    32.569  2 53371.30244374 19.547
 34 202.617177  64.809939    32.524    32.621  3 53406.30247857 13.534
 35 202.628508  64.817273    32.165    32.165  2 53441.30246585 12.740
 36 202.612325  64.807424    32.188    32.188  2 53476.30253193 15.194
 38 202.619572  64.811255    38.034    38.041  3 53546.30256349 48.987
 39 202.623485  64.813913    36.851    36.856  4 53581.30253679 28.477
 40 202.626964  64.815768    35.537    35.537  2 53616.30249210 33.110
 41 202.616521  64.810109    36.062    36.062  2 53651.30250563 47.097
 42 202.618916  64.809487    33.605    33.605  2 53686.30251189 34.905
 43 202.629687  64.818389    34.295    34.295  2 53721.30243909 20.638
 44 202.619269  64.809320    33.776    33.332  3 53756.30236684 16.845
 45 202.624645  64.814722    36.925    36.729  3 53791.30239450 10.891
 46 202.613074  64.808197    36.589    36.589  2 53826.30235475 10.037
 47 202.613210  64.808495    33.840    33.855  3 53861.30244512 29.360
 48 202.618823  64.809679    37.348    37.330  3 53896.30246521 48.806
 49 202.613895  64.808832    38.526    38.526  2 53931.30251612 19.879
 50 202.620257  64.810269    36.309    36.309  2 53966.30249227 33.624
 51 202.608157  64.807507    35.618    35.618  2 54001.30245327 24.995
 52 202.619407  64.810004    33.998    33.998  2 54036.30249396 51.781
 53 202.621166  64.813278    32.825    32.858  3 54071.30248871 27.021
 54 202.630381  64.815955    32.989    32.989  2 54106.30244088 22.328
 55 202.615561  64.808744    32.415    32.444  3 54141.30242152 22.011
 56 202.624695  64.814931    32.273    32.286  4 54176.30242199 16.713
 57 202.615064  64.809610    32.369    32.425  3 54211.30242859 26.075
 58 202.618151  64.811059    34.882    34.891  3 54246.30245867 45.285
 60 202.622712  64.814111    36.754    36.762  4 54316.30246810 49.161
 61 202.625467  64.816528    35.749    35.707  3 54351.30243573 47.003
 62 202.618631  64.810627    34.361    34.325  3 54386.30240665 47.643
 63 202.623867  64.815098    33.300    33.302  3 54421.30238516 46.064
 64 202.612638  64.807824    33.342    33.342  2 54456.30237911 19.670
 65 202.623426  64.814860    36.956    36.884  3 54491.30238660 11.708
 66 202.618050  64.810017    47.193    38.434  3 54526.30239216  6.655
 67 202.625741  64.814510    32.466    32.471  3 54561.30239502 25.661
 68 202.619854  64.811572    34.544    34.518  3 54596.30238840 37.461
 69 202.620073  64.810635    37.065    37.065  2 54631.30240180 39.862
 70 202.619785  64.810451    37.275    37.291  3 54666.30240797 39.884
 71 202.627688  64.816284    37.128    37.128  2 54701.30237732 38.871
 72 202.614046  64.808654    35.443    35.443  2 54736.30236758 52.041
 73 202.623061  64.814808    33.275    33.293  3 54771.30235760 44.772
 74 202.613602  64.807812    34.218    34.218  2 54806.30236112 25.650
 75 202.621314  64.812564    35.834    36.006  3 54841.30235318 15.276
 76 202.616987  64.809622    37.425    37.425  2 54876.30236262  7.680
 77 202.626176  64.814202    38.905    38.838  3 54911.30235854  6.062
 78 202.615347  64.808618    32.537    32.565  3 54946.30235537 20.593
 79 202.619896  64.811046    38.440    38.425  3 54981.30238173 46.507
 80 202.619828  64.812450    37.586    37.592  3 55016.30238290 41.657
 81 202.621444  64.813082    35.633    35.651  4 55051.30237773 48.048
 82 202.627708  64.816564    36.083    36.117  3 55086.30234318 46.106
 83 202.616832  64.809268    34.340    34.367  3 55121.30231103 48.788
 84 202.623059  64.814101    33.031    33.033  3 55156.30230286 25.069
 85 202.612663  64.809175    34.799    34.101  3 55191.30230073 15.667
 86 202.622705  64.813977    35.783    35.738  4 55226.30230343 13.715
 87 202.620069  64.810873    35.302    35.486  3 55261.30229637 12.444
 88 202.626085  64.815198    35.025    35.009  3 55296.30228886 10.615
 89 202.620459  64.810348    38.987    38.987  2 55331.30227698 44.037
 90 202.623071  64.814337    36.227    36.218  4 55366.30227049 38.582
 91 202.613954  64.809549    38.269    38.211  3 55401.30228299 46.263
 92 202.622786  64.814553    37.098    37.095  4 55436.30228787 48.799
 93 202.628660  64.817786    34.806    34.806  2 55471.30223979 42.664
