#   11.663  -0.357   3.159 ;Mean Elev.(m), Avg Gradient(m/km), RMS Gradient(m/km)
  7     4.885 52444.32588806 19.20 196.151093  62.310523 27.619
  7     3.760 52444.32588870 16.25 196.148593  62.313663 27.619
  7     3.254 52444.32588935 17.45 196.146083  62.316803 27.619
  7     3.327 52444.32588999 15.97 196.143583  62.319953 27.619
  7     3.646 52444.32589064 15.22 196.141073  62.323093 27.619
  7     3.902 52444.32589128 15.52 196.138573  62.326243 27.619
  8     5.603 52479.32588202 22.19 196.155306  62.314706 32.130
  8     2.661 52479.32588266 18.80 196.152806  62.317846 32.130
  8     2.633 52479.32588331 19.14 196.150296  62.320996 32.130
  8     2.506 52479.32588395 17.82 196.147796  62.324136 32.130
  8     2.786 52479.32588460 18.41 196.145294  62.327284 16.834
  8     3.071 52479.32588524 20.14 196.142784  62.330434 16.834
  9    -2.255 52514.32583006 25.41 196.165929  62.327103 31.490
  9    -1.725 52514.32583071 26.41 196.163419  62.330243 31.490
  9    -1.486 52514.32583135 26.11 196.160919  62.333393 31.490
  9    -1.220 52514.32583200 27.94 196.158409  62.336533 31.490
  9    -1.098 52514.32583264 36.06 196.155903  62.339681 44.079
  9    -1.176 52514.32583329 44.49 196.153403  62.342831 44.079
  9    -1.100 52514.32583393 49.44 196.150893  62.345971 44.079
  9    -1.086 52514.32583458 50.66 196.148383  62.349111 44.079
 11     5.173 52584.32586171 23.23 196.159629  62.321834 23.481
 11     1.641 52584.32586236 22.57 196.157129  62.324974 23.481
 11     1.714 52584.32586300 23.97 196.154625  62.328121 19.486
 11     1.911 52584.32586364 26.35 196.152115  62.331271 19.486
 11     1.880 52584.32586429 29.25 196.149615  62.334411 19.486
 11     2.093 52584.32586493 33.49 196.147105  62.337551 19.486
 11     1.946 52584.32586558 37.50 196.144595  62.340701 19.486
 12     1.160 52619.32583918 38.11 196.161536  62.320860 14.796
 12     1.169 52619.32583982 38.93 196.159026  62.324010 14.796
 12     1.132 52619.32584047 38.52 196.156526  62.327150 14.796
 12     1.114 52619.32584111 38.73 196.154026  62.330300 14.796
 12     1.052 52619.32584176 39.45 196.151516  62.333440 14.796
 12     1.147 52619.32584240 38.50 196.149006  62.336590 14.796
 12     1.093 52619.32584305 37.17 196.146506  62.339730 14.796
 12     1.091 52619.32584369 33.97 196.143996  62.342870 14.796
 13     1.045 52654.32582268 23.75 196.158333  62.319580  4.203
 13     1.140 52654.32582332 23.74 196.155833  62.322730  4.203
 13     1.103 52654.32582397 23.90 196.153323  62.325870  4.203
 13     1.083 52654.32582461 23.59 196.150823  62.329020  4.203
 13     1.015 52654.32582526 23.57 196.148313  62.332160  4.203
 13     1.111 52654.32582590 23.18 196.145803  62.335310  4.203
 13     0.945 52654.32582655 22.87 196.143293  62.338450  4.203
 14     1.018 52689.32581922 22.15 196.163808  62.323766  4.992
 14     1.028 52689.32581986 22.48 196.161298  62.326916  4.992
 14     1.036 52689.32582051 21.95 196.158798  62.330056  4.992
 14     1.007 52689.32582115 21.46 196.156288  62.333206  4.992
 14     1.050 52689.32582180 21.25 196.153788  62.336346  4.992
 14     0.841 52689.32582244 21.78 196.151278  62.339486  4.992
 14     0.852 52689.32582309 21.31 196.148768  62.342636  4.992
 14     0.799 52689.32582373 20.30 196.146268  62.345776  4.992
 15     0.666 52724.32586263 29.06 196.157360  62.316506  6.059
 15     0.682 52724.32586328 29.67 196.154850  62.319646  6.059
 15     0.783 52724.32586392 28.92 196.152350  62.322796  6.059
 15     0.616 52724.32586457 28.72 196.149840  62.325936  6.059
 15     0.686 52724.32586521 29.65 196.147330  62.329086  6.059
 15     0.641 52724.32586586 28.75 196.144830  62.332226  6.059
 15     0.589 52724.32586650 28.03 196.142320  62.335376  6.059
 16     6.188 52759.32588175 31.69 196.157760  62.313528 29.734
 16     6.123 52759.32588240 24.20 196.155260  62.316668 29.734
 16     4.599 52759.32588304 22.93 196.152753  62.319820 15.673
 16     4.287 52759.32588369 24.40 196.150253  62.322960 15.673
 16     4.064 52759.32588433 25.54 196.147753  62.326110 15.673
 16     4.882 52759.32588498 24.18 196.145243  62.329250 15.673
 16     5.322 52759.32588562 25.67 196.142743  62.332400 15.673
 17     3.258 52794.32583668 44.57 196.153438  62.313517 21.073
 17     3.233 52794.32583732 42.86 196.150938  62.316657 21.073
 17     3.187 52794.32583797 35.88 196.148428  62.319807 21.073
 17     3.090 52794.32583861 40.81 196.145918  62.322947 21.073
 17     3.069 52794.32583926 38.55 196.143418  62.326097 21.073
 17     3.073 52794.32583990 40.25 196.140908  62.329237 21.073
 18     4.579 52829.32590359 24.33 196.156353  62.312639 39.659
 18     5.862 52829.32590424 17.83 196.153847  62.315786 14.019
 18     4.759 52829.32590488 17.77 196.151347  62.318936 14.019
 18     5.377 52829.32590553 15.84 196.148837  62.322076 14.019
 18     3.950 52829.32590617 15.76 196.146337  62.325216 14.019
 18     4.142 52829.32590681 16.92 196.143827  62.328366 14.019
 18     4.026 52829.32590746 19.17 196.141317  62.331506 14.019
 19     3.316 52864.32594900 52.68 196.158962  62.317861 32.960
 19     3.387 52864.32594964 51.95 196.156462  62.321011 32.960
 19     3.433 52864.32595029 51.99 196.153952  62.324151 32.960
 19     3.429 52864.32595093 50.95 196.151442  62.327291 32.960
 19     3.419 52864.32595158 50.74 196.148942  62.330441 32.960
 19     3.411 52864.32595222 50.57 196.146432  62.333581 32.960
 19     3.405 52864.32595287 50.95 196.143922  62.336731 32.960
 20     3.503 52899.32597841 28.45 196.158954  62.319074 21.940
 20     3.266 52899.32597905 26.89 196.156454  62.322224 21.940
 20     4.062 52899.32597970 15.89 196.153944  62.325364 21.940
 20     3.828 52899.32598034 15.55 196.151444  62.328514 21.940
 20     3.145 52899.32598099 17.54 196.148934  62.331654 21.940
 20     3.116 52899.32598163 15.95 196.146434  62.334794 21.940
 20     3.192 52899.32598228 22.66 196.143924  62.337944 21.940
 21     5.363 52934.32592257 26.51 196.163347  62.321469 27.347
 21     5.173 52934.32592321 21.05 196.160843  62.324612 10.652
 21     4.913 52934.32592386 18.22 196.158333  62.327752 10.652
 21     4.455 52934.32592450 18.75 196.155833  62.330902 10.652
 21     3.624 52934.32592515 18.10 196.153323  62.334042 10.652
 21     3.007 52934.32592579 17.89 196.150823  62.337192 10.652
 21     2.324 52934.32592643 17.93 196.148313  62.340332 10.652
 21     2.027 52934.32592708 19.83 196.145813  62.343482 10.652
 22     1.048 52969.32593564 32.09 196.153936  62.313449  8.307
 22     1.004 52969.32593629 33.16 196.151436  62.316599  8.307
 22     0.888 52969.32593693 33.12 196.148926  62.319739  8.307
 22     1.022 52969.32593758 32.67 196.146416  62.322879  8.307
 22     1.106 52969.32593822 32.60 196.143916  62.326029  8.307
 22     0.995 52969.32593887 31.36 196.141406  62.329169  8.307
 23     1.365 53004.32595518 17.66 196.153995  62.315128  3.166
 23     1.218 53004.32595582 17.92 196.151485  62.318268  3.166
 23     1.398 53004.32595647 17.45 196.148985  62.321418  3.166
 23     1.352 53004.32595711 17.42 196.146475  62.324558  3.166
 23     1.209 53004.32595776 17.76 196.143975  62.327708  3.166
 23     1.185 53004.32595840 17.29 196.141465  62.330848  3.166
 25     2.094 53074.32593502 13.23 196.157556  62.317201  2.925
 25     1.112 53074.32593566 13.83 196.155046  62.320351  2.925
 25     1.119 53074.32593631 13.89 196.152546  62.323491  2.925
 25     1.080 53074.32593695 13.74 196.150036  62.326641  2.925
 25     0.827 53074.32593760 14.11 196.147536  62.329781  2.925
 25     1.028 53074.32593824 13.48 196.145026  62.332921  2.925
 25     0.528 53074.32593889 14.27 196.142516  62.336071  2.925
 26     5.645 53109.32590275 29.09 196.149683  62.304126 36.107
 26     1.863 53109.32590340 32.30 196.147183  62.307276 36.107
 26     1.570 53109.32590404 32.91 196.144673  62.310416 36.107
 26     1.149 53109.32590468 33.87 196.142170  62.313561 18.727
 26     1.049 53109.32590533 33.00 196.139670  62.316711 18.727
 26     1.022 53109.32590597 29.57 196.137160  62.319851 18.727
 26     2.504 53109.32590662 29.81 196.134650  62.322991 18.727
 26     5.082 53109.32590726 30.08 196.132150  62.326141 18.727
 27     3.651 53144.32594523 32.67 196.154471  62.312817 17.002
 27     3.310 53144.32594587 27.82 196.151961  62.315967 17.002
 27     3.264 53144.32594652 25.68 196.149461  62.319107 17.002
 27     3.233 53144.32594716 25.74 196.146951  62.322257 17.002
 27     3.331 53144.32594781 26.28 196.144451  62.325397 17.002
 27     3.294 53144.32594845 26.85 196.141941  62.328537 17.002
 28     6.037 53179.32596176 18.05 196.159351  62.318484 24.417
 28     4.760 53179.32596241 18.64 196.156841  62.321624 24.417
 28     4.328 53179.32596305 16.22 196.154341  62.324774 24.417
 28     4.167 53179.32596370 15.13 196.151831  62.327914 24.417
 28     3.843 53179.32596434 15.99 196.149321  62.331064 24.417
 28     3.912 53179.32596499 17.69 196.146821  62.334204 24.417
 28     4.015 53179.32596563 19.88 196.144311  62.337344 24.417
 29     2.309 53214.32598261 51.56 196.157765  62.314779 43.393
 29     2.402 53214.32598326 52.21 196.155265  62.317919 43.393
 29     2.250 53214.32598390 51.84 196.152761  62.321068 31.009
 29     2.388 53214.32598454 51.87 196.150251  62.324208 31.009
 29     2.283 53214.32598519 49.17 196.147751  62.327358 31.009
 29     2.210 53214.32598583 46.55 196.145241  62.330498 31.009
 29     2.392 53214.32598648 44.84 196.142731  62.333648 31.009
 30     2.410 53249.32595352 45.54 196.163135  62.322050 30.632
 30     2.187 53249.32595417 33.81 196.160635  62.325190 30.632
 30     2.076 53249.32595481 20.02 196.158125  62.328330 30.632
 30     1.988 53249.32595546 17.96 196.155625  62.331480 30.632
 30     1.813 53249.32595610 20.30 196.153115  62.334620 30.632
 30     1.979 53249.32595675 19.04 196.150615  62.337770 30.632
 30     2.009 53249.32595739 20.31 196.148105  62.340910 30.632
 30     1.989 53249.32595804 25.64 196.145595  62.344060 30.632
 31     1.480 53284.32594635 50.12 196.149818  62.307998 42.312
 31     1.620 53284.32594700 50.91 196.147317  62.311146 33.406
 31     1.581 53284.32594764 50.30 196.144807  62.314286 33.406
 31     1.581 53284.32594829 49.53 196.142307  62.317436 33.406
 31     1.590 53284.32594893 51.20 196.139797  62.320576 33.406
 31     1.440 53284.32594958 52.93 196.137287  62.323726 33.406
 31     1.476 53284.32595022 50.20 196.134787  62.326866 33.406
 32     0.411 53319.32593823 30.96 196.158264  62.319463 10.931
 32     0.414 53319.32593887 33.27 196.155754  62.322613 10.931
 32     0.425 53319.32593951 31.01 196.153254  62.325753 10.931
 32     0.475 53319.32594016 31.88 196.150744  62.328893 10.931
 32     0.514 53319.32594080 30.85 196.148244  62.332043 10.931
 32     0.490 53319.32594145 30.25 196.145734  62.335183 10.931
 32     0.428 53319.32594209 28.73 196.143224  62.338333 10.931
 33     1.014 53354.32590658 26.07 196.164080  62.327117  5.168
 33     0.970 53354.32590722 25.51 196.161570  62.330257  5.168
 33     0.833 53354.32590787 25.38 196.159070  62.333407  5.168
 33     0.864 53354.32590851 24.91 196.156560  62.336547  5.168
 33     0.772 53354.32590916 23.60 196.154060  62.339697  5.168
 33     0.789 53354.32590980 22.41 196.151550  62.342837  5.168
 33     0.595 53354.32591045 21.58 196.149040  62.345977  5.168
 33     0.636 53354.32591109 21.17 196.146530  62.349127  5.168
 34     1.872 53389.32590679 20.80 196.150776  62.310486  3.624
 34     1.334 53389.32590744 21.54 196.148275  62.313632  3.550
 34     0.938 53389.32590808 21.66 196.145775  62.316782  3.550
 34     0.830 53389.32590873 22.54 196.143265  62.319922  3.550
 34     0.783 53389.32590937 22.07 196.140755  62.323062  3.550
 34     0.833 53389.32591002 20.80 196.138255  62.326212  3.550
 35     2.296 53424.32590759 14.89 196.161426  62.323537  2.723
 35     1.975 53424.32590824 14.87 196.158926  62.326677  2.723
 35     1.416 53424.32590888 14.64 196.156416  62.329827  2.723
 35     2.444 53424.32590953 14.27 196.153906  62.332967  2.723
 35     2.022 53424.32591017 14.24 196.151406  62.336117  2.723
 35     1.484 53424.32591082 14.45 196.148896  62.339257  2.723
 35     1.806 53424.32591146 13.76 196.146386  62.342397  2.723
 36     3.285 53459.32591124 14.56 196.154776  62.314565  3.427
 36     1.376 53459.32591188 14.05 196.152276  62.317715  3.427
 36     0.697 53459.32591253 14.47 196.149766  62.320855  3.427
 36     0.694 53459.32591317 14.14 196.147256  62.323995  3.427
 36     0.604 53459.32591382 13.90 196.144756  62.327145  3.427
 36     1.677 53459.32591446 12.99 196.142246  62.330285  3.427
 37     1.360 53494.32599620 30.13 196.151249  62.311690 22.711
 37     1.291 53494.32599685 31.65 196.148749  62.314830 22.711
 37     1.352 53494.32599749 30.34 196.146239  62.317980 22.711
 37     1.226 53494.32599814 32.79 196.143739  62.321120 22.711
 37     1.158 53494.32599878 28.33 196.141229  62.324270 22.711
 37     3.871 53494.32599943 24.50 196.138719  62.327410 22.711
 38     4.632 53529.32597378 43.32 196.160394  62.323049 31.205
 38     4.550 53529.32597442 39.33 196.157894  62.326189 31.205
 38     4.583 53529.32597507 36.68 196.155384  62.329339 31.205
 38     4.563 53529.32597571 33.76 196.152874  62.332479 31.205
 38     4.358 53529.32597636 29.88 196.150374  62.335619 31.205
 38     4.157 53529.32597700 28.66 196.147864  62.338769 31.205
 38     4.403 53529.32597765 29.98 196.145354  62.341909 31.205
 39     5.812 53564.32600289 26.05 196.157642  62.315584 22.666
 39     4.841 53564.32600354 20.53 196.155142  62.318724 22.666
 39     3.046 53564.32600418 20.79 196.152642  62.321874 22.666
 39     2.904 53564.32600483 20.58 196.150132  62.325014 22.666
 39     3.062 53564.32600547 21.60 196.147632  62.328164 22.666
 39     3.322 53564.32600612 23.45 196.145122  62.331304 22.666
 39     2.852 53564.32600676 38.17 196.142622  62.334454 22.666
 40     2.612 53599.32594560 26.40 196.163877  62.322876 29.605
 40     2.351 53599.32594624 20.36 196.161367  62.326016 29.605
 40     2.365 53599.32594689 17.40 196.158867  62.329166 29.605
 40     2.278 53599.32594753 20.12 196.156357  62.332306 29.605
 40     2.286 53599.32594818 20.63 196.153857  62.335446 29.605
 40     2.418 53599.32594882 21.06 196.151347  62.338596 29.605
 40     2.436 53599.32594947 22.27 196.148837  62.341736 29.605
 40     2.424 53599.32595011 25.87 196.146327  62.344886 29.605
 41     5.563 53634.32593923 26.86 196.151837  62.306215 42.195
 41     2.705 53634.32593987 23.88 196.149337  62.309355 42.195
 41     2.679 53634.32594052 23.37 196.146831  62.312503 17.200
 41     2.693 53634.32594116 21.36 196.144321  62.315643 17.200
 41     2.603 53634.32594181 20.02 196.141821  62.318793 17.200
 41     2.461 53634.32594245 20.74 196.139311  62.321933 17.200
 41     3.070 53634.32594310 20.67 196.136801  62.325083 17.200
 42     4.967 53669.32596176 25.39 196.155172  62.311956 26.419
 42     5.075 53669.32596240 22.33 196.152662  62.315105 13.572
 42     5.157 53669.32596305 20.75 196.150162  62.318245 13.572
 42     4.754 53669.32596369 19.35 196.147652  62.321395 13.572
 42     4.282 53669.32596434 18.28 196.145152  62.324535 13.572
 42     3.589 53669.32596498 18.36 196.142642  62.327685 13.572
 42     3.397 53669.32596563 20.89 196.140132  62.330825 13.572
 43     1.649 53704.32590257 23.01 196.163952  62.324061  4.995
 43     1.537 53704.32590322 22.65 196.161442  62.327211  4.995
 43     1.599 53704.32590386 23.59 196.158942  62.330351  4.995
 43     1.502 53704.32590450 22.33 196.156432  62.333501  4.995
 43     1.468 53704.32590515 22.43 196.153922  62.336641  4.995
 43     1.541 53704.32590579 20.15 196.151422  62.339791  4.995
 43     1.554 53704.32590644 19.09 196.148912  62.342931  4.995
 43     1.584 53704.32590708 18.60 196.146402  62.346071  4.995
 44     3.707 53739.32581357 13.89 196.168634  62.333568  2.423
 44     3.234 53739.32581421 13.78 196.166134  62.336708  2.423
 44     2.163 53739.32581486 13.46 196.163624  62.339848  2.423
 44     2.747 53739.32581550 13.34 196.161124  62.342998  2.423
 44     1.825 53739.32581614 13.16 196.158614  62.346138  2.423
 44     1.876 53739.32581679 12.33 196.156104  62.349288  2.423
 44     2.003 53739.32581743 12.30 196.153604  62.352428  2.423
 44     2.425 53739.32581808 11.84 196.151094  62.355578  2.423
 45     4.198 53774.32582965 11.47 196.159393  62.317591  2.845
 45     3.993 53774.32583030 11.80 196.156890  62.320738  2.156
 45     1.877 53774.32583094 10.90 196.154390  62.323888  2.156
 45     1.672 53774.32583159 10.95 196.151880  62.327028  2.156
 45     1.666 53774.32583223 10.91 196.149370  62.330168  2.156
 45     1.819 53774.32583287 10.34 196.146870  62.333318  2.156
 45     1.583 53774.32583352 10.19 196.144360  62.336458  2.156
 46     1.056 53809.32581525 17.36 196.166025  62.326426  4.730
 46     1.097 53809.32581590 16.98 196.163525  62.329576  4.730
 46     1.128 53809.32581654 16.75 196.161015  62.332716  4.730
 46     1.628 53809.32581719 16.62 196.158515  62.335866  4.730
 46     1.658 53809.32581783 15.97 196.156005  62.339006  4.730
 46     1.474 53809.32581847 15.49 196.153495  62.342146  4.730
 46     1.819 53809.32581912 14.57 196.150995  62.345296  4.730
 46     1.638 53809.32581976 14.40 196.148485  62.348436  4.730
 46     1.315 53809.32582041 15.64 196.145975  62.351586  4.730
 48     6.054 53879.32588397 32.28 196.158302  62.314914 30.413
 48     3.554 53879.32588462 32.65 196.155792  62.318054 30.413
 48     3.457 53879.32588526 35.66 196.153282  62.321204 30.413
 48     3.553 53879.32588591 36.15 196.150782  62.324344 30.413
 48     3.431 53879.32588655 37.56 196.148272  62.327494 30.413
 48     3.421 53879.32588720 38.14 196.145772  62.330634 30.413
 48     3.539 53879.32588784 38.55 196.143262  62.333784 30.413
 49     3.543 53914.32593936 18.35 196.152750  62.313276 35.228
 49     4.412 53914.32594000 17.65 196.150246  62.316417 15.375
 49     3.533 53914.32594065 16.92 196.147746  62.319557 15.375
 49     3.615 53914.32594129 16.93 196.145236  62.322707 15.375
 49     3.741 53914.32594193 17.56 196.142736  62.325847 15.375
 49     3.954 53914.32594258 17.50 196.140226  62.328997 15.375
 50     5.693 53949.32595062 20.14 196.153932  62.314648 39.809
 50     3.111 53949.32595126 18.32 196.151425  62.317791 18.113
 50     3.141 53949.32595190 18.87 196.148925  62.320931 18.113
 50     3.120 53949.32595255 18.41 196.146415  62.324081 18.113
 50     3.677 53949.32595319 18.21 196.143915  62.327221 18.113
 50     3.553 53949.32595384 21.16 196.141405  62.330371 18.113
 51     3.646 53984.32589071 44.24 196.161594  62.323045 32.378
 51     3.619 53984.32589136 28.15 196.159094  62.326185 32.378
 51     3.218 53984.32589200 21.97 196.156584  62.329335 32.378
 51     3.099 53984.32589265 22.67 196.154084  62.332475 32.378
 51     3.055 53984.32589329 20.64 196.151574  62.335625 32.378
 51     2.965 53984.32589394 21.51 196.149064  62.338765 32.378
 51     3.133 53984.32589458 21.62 196.146564  62.341915 32.378
 51     3.225 53984.32589523 26.13 196.144054  62.345055 32.378
 52     2.245 54019.32592302 31.43 196.155064  62.311428 42.079
 52     2.296 54019.32592366 27.51 196.152554  62.314568 42.079
 52     2.286 54019.32592431 25.75 196.150046  62.317715 17.422
 52     2.323 54019.32592495 22.52 196.147546  62.320865 17.422
 52     2.944 54019.32592560 19.66 196.145036  62.324005 17.422
 52     3.106 54019.32592624 20.18 196.142536  62.327145 17.422
 52     3.583 54019.32592689 22.60 196.140026  62.330295 17.422
 53     0.904 54054.32591538 31.63 196.161286  62.322170 10.634
 53     0.887 54054.32591602 31.81 196.158786  62.325320 10.634
 53     0.992 54054.32591666 34.24 196.156276  62.328460 10.634
 53     0.890 54054.32591731 35.16 196.153766  62.331600 10.634
 53     0.921 54054.32591795 31.79 196.151266  62.334750 10.634
 53     0.857 54054.32591860 33.89 196.148756  62.337890 10.634
 53     1.016 54054.32591924 32.55 196.146246  62.341040 10.634
 54     1.418 54089.32590642 19.68 196.161256  62.323537  3.326
 54     1.460 54089.32590707 19.57 196.158756  62.326677  3.326
 54     1.519 54089.32590771 18.26 196.156246  62.329827  3.326
 54     1.452 54089.32590836 18.29 196.153746  62.332967  3.326
 54     1.654 54089.32590900 18.11 196.151236  62.336117  3.326
 54     1.559 54089.32590965 17.37 196.148736  62.339257  3.326
 54     1.559 54089.32591029 16.64 196.146226  62.342407  3.326
 55     2.242 54124.32582857 14.69 196.151586  62.311598  2.776
 55     1.617 54124.32582921 15.16 196.149086  62.314738  2.776
 55     1.819 54124.32582986 14.71 196.146576  62.317888  2.776
 55     1.127 54124.32583050 15.32 196.144076  62.321028  2.776
 55     0.990 54124.32583115 14.98 196.141566  62.324168  2.776
 55     0.854 54124.32583179 14.28 196.139056  62.327318  2.776
 56     0.769 54159.32587097 25.16 196.157870  62.317013  8.070
 56     0.909 54159.32587161 27.20 196.155360  62.320153  8.070
 56     0.790 54159.32587226 27.16 196.152860  62.323303  8.070
 56     0.817 54159.32587290 26.57 196.150350  62.326443  8.070
 56     0.854 54159.32587355 25.17 196.147840  62.329583  8.070
 56     0.607 54159.32587419 25.81 196.145340  62.332733  8.070
 56     0.433 54159.32587484 24.76 196.142830  62.335873  8.070
 57     0.685 54194.32583113 31.76 196.152038  62.312077 17.668
 57     1.299 54194.32583177 30.52 196.149528  62.315227 17.668
 57     0.991 54194.32583242 31.21 196.147028  62.318367 17.668
 57     0.546 54194.32583306 30.87 196.144518  62.321517 17.668
 57     0.584 54194.32583370 30.98 196.142008  62.324657 17.668
 57     0.562 54194.32583435 30.60 196.139508  62.327807 17.668
 58     2.462 54229.32588310 43.03 196.157707  62.315214 31.153
 58     2.427 54229.32588375 29.89 196.155197  62.318364 31.153
 58     2.301 54229.32588439 29.27 196.152697  62.321504 31.153
 58     2.299 54229.32588504 26.00 196.150187  62.324644 31.153
 58     2.426 54229.32588568 25.55 196.147687  62.327794 31.153
 58     2.580 54229.32588633 28.09 196.145177  62.330934 31.153
 58     2.520 54229.32588697 32.18 196.142667  62.334084 31.153
 59     6.138 54264.32590108 25.93 196.159047  62.314434 19.204
 59     5.940 54264.32590173 17.67 196.156537  62.317574 19.204
 59     4.787 54264.32590237 17.41 196.154037  62.320724 19.204
 59     4.697 54264.32590302 14.46 196.151527  62.323864 19.204
 59     3.708 54264.32590366 15.22 196.149017  62.327014 19.204
 59     2.994 54264.32590431 15.27 196.146517  62.330154 19.204
 59     2.787 54264.32590495 15.71 196.144007  62.333294 19.204
 60     2.804 54299.32590524 20.21 196.158813  62.317958 15.251
 60     2.796 54299.32590588 17.96 196.156313  62.321098 15.251
 60     2.459 54299.32590653 16.94 196.153803  62.324248 15.251
 60     3.221 54299.32590717 14.92 196.151303  62.327388 15.251
 60     2.392 54299.32590782 16.68 196.148793  62.330538 15.251
 60     2.325 54299.32590846 17.36 196.146293  62.333678 15.251
 60     2.556 54299.32590911 15.11 196.143783  62.336818 15.251
 61     3.332 54334.32589651 39.45 196.159956  62.323238 30.058
 61     3.418 54334.32589715 31.31 196.157456  62.326378 30.058
 61     3.301 54334.32589780 23.74 196.154946  62.329528 30.058
 61     2.691 54334.32589844 23.96 196.152446  62.332668 30.058
 61     2.174 54334.32589909 25.89 196.149936  62.335818 30.058
 61     2.481 54334.32589973 25.50 196.147436  62.338958 30.058
 61     3.043 54334.32590038 24.23 196.144926  62.342108 30.058
 63     2.218 54404.32583990 43.66 196.158378  62.320804 32.763
 63     2.231 54404.32584055 50.17 196.155878  62.323954 32.763
 63     2.317 54404.32584119 50.78 196.153368  62.327094 32.763
 63     2.263 54404.32584184 51.43 196.150868  62.330234 32.763
 63     2.237 54404.32584248 49.93 196.148358  62.333384 32.763
 63     2.263 54404.32584312 51.26 196.145858  62.336524 32.763
 63     2.220 54404.32584377 34.46 196.143348  62.339674 32.763
 64     5.540 54439.32579480 24.61 196.151544  62.306629  5.961
 64     4.309 54439.32579544 24.63 196.149034  62.309769  5.961
 64     3.573 54439.32579609 23.96 196.146534  62.312919  5.961
 64     2.288 54439.32579673 24.41 196.144024  62.316059  5.961
 64     1.898 54439.32579738 23.76 196.141524  62.319209  5.961
 64     1.699 54439.32579802 23.26 196.139014  62.322349  5.961
 64     1.375 54439.32579867 22.99 196.136504  62.325489  5.961
 65     2.527 54474.32582519 20.26 196.159196  62.314324  3.569
 65     1.302 54474.32582584 20.00 196.156696  62.317464  3.569
 65     1.505 54474.32582648 19.95 196.154186  62.320614  3.569
 65     1.362 54474.32582712 19.85 196.151686  62.323754  3.569
 65     1.240 54474.32582777 20.05 196.149176  62.326904  3.569
 65     1.172 54474.32582841 19.26 196.146676  62.330044  3.569
 65     1.141 54474.32582906 18.86 196.144166  62.333194  3.569
 66     2.584 54509.32580787 16.84 196.153766  62.309494  3.559
 66     2.241 54509.32580851 16.45 196.151256  62.312644  3.559
 66     2.059 54509.32580916 16.38 196.148756  62.315784  3.559
 66     1.419 54509.32580980 17.00 196.146246  62.318934  3.559
 66     1.145 54509.32581045 16.50 196.143736  62.322074  3.559
 66     1.187 54509.32581109 16.15 196.141236  62.325224  3.559
 66     1.153 54509.32581174 15.47 196.138726  62.328364  3.559
 67     1.295 54544.32584078 13.74 196.158064  62.320572  4.384
 67     1.048 54544.32584142 13.29 196.155556  62.323720  3.011
 67     0.946 54544.32584207 13.61 196.153056  62.326860  3.011
 67     0.858 54544.32584271 14.21 196.150546  62.330010  3.011
 67     0.997 54544.32584336 13.16 196.148036  62.333150  3.011
 67     1.309 54544.32584400 11.86 196.145536  62.336300  3.011
 68     0.993 54579.32580840 46.80 196.156925  62.315749 41.307
 68     1.042 54579.32580905 46.03 196.154415  62.318899 41.307
 68     1.048 54579.32580969 46.63 196.151915  62.322039 41.307
 68     1.000 54579.32581034 43.08 196.149409  62.325187 20.727
 68     0.932 54579.32581098 39.02 196.146899  62.328327 20.727
 68     0.874 54579.32581163 35.41 196.144399  62.331477 20.727
 68     0.782 54579.32581227 32.76 196.141889  62.334617 20.727
 69     5.128 54614.32583067 28.45 196.158379  62.319831 31.880
 69     4.804 54614.32583131 26.38 196.155871  62.322972 32.524
 69     4.502 54614.32583196 29.69 196.153361  62.326112 32.524
 69     4.404 54614.32583260 29.67 196.150861  62.329262 32.524
 69     4.294 54614.32583325 38.15 196.148351  62.332402 32.524
 69     4.216 54614.32583389 44.05 196.145851  62.335552 32.524
 69     4.271 54614.32583454 48.31 196.143341  62.338692 32.524
 70     3.261 54649.32583915 38.04 196.157473  62.313376 31.102
 70     3.174 54649.32583979 22.74 196.154973  62.316516 31.102
 70     3.077 54649.32584044 19.44 196.152473  62.319666 31.102
 70     2.793 54649.32584108 20.57 196.149963  62.322806 31.102
 70     3.029 54649.32584172 21.03 196.147453  62.325956 31.102
 70     3.270 54649.32584237 24.52 196.144953  62.329096 31.102
 70     3.284 54649.32584301 34.57 196.142443  62.332236 31.102
 71     3.499 54684.32583756 29.86 196.159881  62.321840 38.080
 71     4.558 54684.32583820 15.02 196.157378  62.324991 27.326
 71     4.255 54684.32583885 14.70 196.154868  62.328131 27.326
 71     3.083 54684.32583949 18.01 196.152368  62.331281 27.326
 71     3.025 54684.32584014 17.78 196.149858  62.334421 27.326
 71     3.099 54684.32584078 18.11 196.147348  62.337571 27.326
 71     3.084 54684.32584143 21.54 196.144848  62.340711 27.326
 72     4.729 54719.32578296 28.71 196.154093  62.309573 37.421
 72     2.918 54719.32578361 26.76 196.151583  62.312723 37.421
 72     2.967 54719.32578425 25.49 196.149083  62.315863 37.421
 72     2.769 54719.32578489 23.97 196.146574  62.319009 18.527
 72     2.461 54719.32578554 23.52 196.144064  62.322159 18.527
 72     2.900 54719.32578618 20.29 196.141564  62.325299 18.527
 72     3.338 54719.32578683 22.68 196.139054  62.328439 18.527
 73     1.999 54754.32580988 46.03 196.157740  62.315429 14.441
 73     1.942 54754.32581052 43.74 196.155240  62.318569 14.441
 73     2.014 54754.32581117 41.36 196.152729  62.321716 22.955
 73     2.078 54754.32581181 45.43 196.150229  62.324866 22.955
 73     1.952 54754.32581246 46.44 196.147719  62.328006 22.955
 73     2.062 54754.32581310 45.59 196.145209  62.331146 22.955
 73     1.924 54754.32581374 49.70 196.142709  62.334296 22.955
 74     1.996 54789.32577675 20.75 196.150773  62.311432  4.481
 74     1.845 54789.32577739 22.12 196.148273  62.314572  4.481
 74     1.759 54789.32577804 21.72 196.145763  62.317722  4.481
 74     1.472 54789.32577868 23.00 196.143253  62.320862  4.481
 74     1.494 54789.32577933 25.04 196.140753  62.324012  4.481
 74     1.441 54789.32577997 22.42 196.138243  62.327152  4.481
 75     4.953 54824.32580505 10.76 196.157563  62.313069  3.075
 75     4.825 54824.32580569 11.21 196.155063  62.316209  3.075
 75     2.779 54824.32580633 10.89 196.152552  62.319357  4.017
 75     2.240 54824.32580698 11.01 196.150052  62.322497  4.017
 75     3.639 54824.32580762 10.40 196.147542  62.325647  4.017
 75     2.132 54824.32580827 10.91 196.145032  62.328787  4.017
 75     1.752 54824.32580891 11.50 196.142532  62.331937  4.017
 76     4.416 54859.32576953  9.72 196.153448  62.310271  2.065
 76     4.217 54859.32577017  9.84 196.150938  62.313421  2.065
 76     3.782 54859.32577082  9.86 196.148438  62.316561  2.065
 76     3.438 54859.32577146  9.73 196.145928  62.319711  2.065
 76     3.210 54859.32577211  9.98 196.143418  62.322851  2.065
 76     2.498 54859.32577275  9.36 196.140918  62.325991  2.065
 76     2.823 54859.32577340  9.27 196.138408  62.329141  2.065
 77     5.054 54894.32580756 10.34 196.159349  62.318528  1.776
 77     4.783 54894.32580820 10.64 196.156844  62.321676  2.029
 77     4.670 54894.32580885 10.66 196.154344  62.324826  2.029
 77     4.560 54894.32580949 10.15 196.151834  62.327966  2.029
 77     3.962 54894.32581014 10.55 196.149334  62.331106  2.029
 77     3.437 54894.32581078 10.49 196.146824  62.334256  2.029
 77     3.180 54894.32581143 10.11 196.144324  62.337396  2.029
 78     4.280 54929.32576962  9.59 196.151293  62.312005  2.055
 78     4.098 54929.32577026  9.19 196.148783  62.315155  2.055
 78     4.112 54929.32577091  9.77 196.146283  62.318295  2.055
 78     3.704 54929.32577155  9.54 196.143773  62.321445  2.055
 78     3.723 54929.32577220  9.45 196.141273  62.324585  2.055
 78     3.100 54929.32577284  9.38 196.138763  62.327735  2.055
 79     6.099 54964.32580708 32.89 196.158909  62.314465 35.114
 79     3.287 54964.32580773 28.96 196.156409  62.317605 35.114
 79     4.568 54964.32580837 25.19 196.153902  62.320756 23.969
 79     3.280 54964.32580902 27.19 196.151392  62.323896 23.969
 79     3.133 54964.32580966 28.64 196.148892  62.327046 23.969
 79     4.031 54964.32581031 23.70 196.146382  62.330186 23.969
 79     4.377 54964.32581095 22.66 196.143882  62.333336 23.969
 80     5.895 54999.32582743 27.02 196.158123  62.314838 40.036
 80     5.378 54999.32582807 19.74 196.155623  62.317988 40.036
 80     4.777 54999.32582872 18.50 196.153120  62.321128 24.342
 80     4.545 54999.32582936 16.56 196.150610  62.324268 24.342
 80     4.122 54999.32583001 17.73 196.148110  62.327418 24.342
 80     4.089 54999.32583065 18.05 196.145600  62.330558 24.342
 80     4.172 54999.32583130 20.77 196.143090  62.333708 24.342
 81     5.889 55034.32581414 27.70 196.158644  62.313472 33.447
 81     3.065 55034.32581479 23.70 196.156134  62.316612 33.447
 81     2.855 55034.32581543 26.07 196.153634  62.319762 33.447
 81     3.016 55034.32581607 20.90 196.151124  62.322902 33.447
 81     2.972 55034.32581672 21.69 196.148624  62.326052 33.447
 81     3.003 55034.32581736 21.47 196.146114  62.329192 33.447
 81     2.930 55034.32581801 23.30 196.143608  62.332337 23.976
 82     4.865 55069.32580521 20.09 196.161266  62.322931 36.972
 82     4.554 55069.32580585 18.03 196.158764  62.326073 21.002
 82     2.165 55069.32580650 19.17 196.156254  62.329213 21.002
 82     2.485 55069.32580714 20.29 196.153754  62.332363 21.002
 82     2.106 55069.32580778 23.73 196.151244  62.335503 21.002
 82     2.205 55069.32580843 26.60 196.148734  62.338653 21.002
 82     2.577 55069.32580907 27.28 196.146234  62.341793 21.002
 83     4.382 55104.32574317 24.85 196.152429  62.309624 23.782
 83     2.077 55104.32574382 30.31 196.149919  62.312774 23.782
 83     2.286 55104.32574446 34.40 196.147419  62.315914 23.782
 83     2.268 55104.32574511 33.63 196.144909  62.319054 23.782
 83     2.125 55104.32574575 33.91 196.142399  62.322204 23.782
 83     2.179 55104.32574640 22.89 196.139899  62.325344 23.782
 83     2.984 55104.32574704 21.88 196.137389  62.328494 23.782
 84     1.412 55139.32575124 31.75 196.159629  62.315988  6.172
 84     1.334 55139.32575188 37.98 196.157129  62.319128  6.172
 84     1.248 55139.32575253 36.94 196.154623  62.322275 13.778
 84     1.162 55139.32575317 36.71 196.152113  62.325415 13.778
 84     1.310 55139.32575381 41.09 196.149613  62.328565 13.778
 84     1.268 55139.32575446 41.57 196.147103  62.331705 13.778
 84     1.260 55139.32575510 41.14 196.144603  62.334855 13.778
 85     1.759 55174.32571120 41.01 196.151552  62.311579 11.704
 85     1.783 55174.32571184 33.10 196.149052  62.314729 11.704
 85     1.668 55174.32571249 31.11 196.146542  62.317869 11.704
 85     1.663 55174.32571313 32.79 196.144036  62.321013 12.220
 85     1.580 55174.32571378 32.69 196.141536  62.324163 12.220
 85     1.599 55174.32571442 32.39 196.139026  62.327303 12.220
 86     4.155 55209.32574646 19.54 196.156857  62.315748  6.832
 86     1.515 55209.32574711 19.66 196.154347  62.318888  6.832
 86     1.456 55209.32574775 20.77 196.151843  62.322036  3.489
 86     1.180 55209.32574840 20.73 196.149343  62.325186  3.489
 86     1.236 55209.32574904 20.42 196.146833  62.328326  3.489
 86     1.186 55209.32574969 20.65 196.144323  62.331466  3.489
 86     1.091 55209.32575033 20.22 196.141823  62.334616  3.489
 87     4.706 55244.32571694 15.93 196.153567  62.311271  2.985
 87     3.416 55244.32571758 16.00 196.151057  62.314421  2.985
 87     2.762 55244.32571823 16.10 196.148557  62.317561  2.985
 87     2.775 55244.32571887 16.64 196.146047  62.320701  2.985
 87     1.464 55244.32571952 16.88 196.143537  62.323851  2.985
 87     1.443 55244.32572016 15.82 196.141037  62.326991  2.985
 88     3.700 55279.32574062 10.93 196.160969  62.318349  2.024
 88     2.493 55279.32574126 10.69 196.158466  62.321498  2.365
 88     1.807 55279.32574191 11.51 196.155966  62.324638  2.365
 88     1.417 55279.32574255 11.58 196.153456  62.327788  2.365
 88     1.504 55279.32574320 11.45 196.150956  62.330928  2.365
 88     1.482 55279.32574384 11.04 196.148446  62.334078  2.365
 88     1.164 55279.32574448 11.46 196.145946  62.337218  2.365
 88     1.462 55279.32574513 10.75 196.143436  62.340368  2.365
 89     5.403 55314.32570481  9.90 196.156417  62.316076  3.384
 89     4.832 55314.32570545 11.25 196.153907  62.319216  3.384
 89     4.731 55314.32570610 10.25 196.151407  62.322366  3.384
 89     4.564 55314.32570674  9.79 196.148897  62.325506  3.384
 89     3.486 55314.32570739 13.40 196.146397  62.328656  3.384
 89     3.461 55314.32570803  9.23 196.143887  62.331796  3.384
 90     5.665 55349.32571219 26.73 196.159425  62.321030 20.374
 90     5.202 55349.32571283 23.09 196.156925  62.324170 20.374
 90     4.951 55349.32571348 19.06 196.154415  62.327320 20.374
 90     4.704 55349.32571412 18.27 196.151915  62.330460 20.374
 90     4.044 55349.32571476 19.24 196.149405  62.333610 20.374
 90     3.464 55349.32571541 21.71 196.146905  62.336750 20.374
 90     3.383 55349.32571605 23.45 196.144395  62.339900 20.374
 91     2.491 55384.32570307 50.49 196.152862  62.311835 26.004
 91     2.474 55384.32570371 49.56 196.150352  62.314975 26.004
 91     2.488 55384.32570436 48.59 196.147852  62.318125 26.004
 91     2.460 55384.32570500 39.63 196.145342  62.321265 26.004
 91     2.334 55384.32570565 31.87 196.142842  62.324415 26.004
 91     2.221 55384.32570629 24.24 196.140332  62.327555 26.004
 92     5.957 55419.32572967 31.04 196.159444  62.314045 39.190
 92     3.517 55419.32573032 22.76 196.156944  62.317195 39.190
 92     3.274 55419.32573096 20.72 196.154434  62.320335 39.190
 92     3.809 55419.32573161 16.71 196.151926  62.323484 26.222
 92     3.438 55419.32573225 17.56 196.149426  62.326624 26.222
 92     3.014 55419.32573290 18.30 196.146916  62.329774 26.222
 92     2.841 55419.32573354 19.45 196.144416  62.332914 26.222
 93     3.217 55454.32570934 48.88 196.163540  62.321636 40.963
 93     3.347 55454.32570999 50.56 196.161040  62.324786 40.963
 93     3.246 55454.32571063 50.08 196.158536  62.327928 34.274
 93     3.149 55454.32571128 48.79 196.156026  62.331068 34.274
 93     3.047 55454.32571192 36.23 196.153526  62.334218 34.274
 93     2.845 55454.32571257 25.12 196.151016  62.337358 34.274
 93     2.536 55454.32571321 24.06 196.148506  62.340508 34.274
 93     2.896 55454.32571386 25.26 196.146006  62.343648 34.274
 94     1.651 55489.32563000 45.33 196.166479  62.327873 22.484
 94     1.231 55489.32563064 54.41 196.163979  62.331023 22.484
 94     1.382 55489.32563129 48.33 196.161475  62.334164 41.448
 94     1.298 55489.32563193 52.09 196.158965  62.337304 41.448
 94     1.265 55489.32563258 51.54 196.156465  62.340454 41.448
 94     1.260 55489.32563322 49.56 196.153955  62.343594 41.448
 94     1.322 55489.32563387 50.68 196.151445  62.346744 41.448
 94     1.184 55489.32563451 43.56 196.148945  62.349884 41.448
 94     1.189 55489.32563516 39.71 196.146435  62.353034 41.448
