#    6.177   0.035   5.984 ;Mean Elev.(m), Avg Gradient(m/km), RMS Gradient(m/km)
  8    14.051 52492.31975258 18.39 198.699190  61.840157 15.646
  8    13.136 52492.31975322 16.75 198.696750  61.843297 15.646
  8    11.774 52492.31975387 23.24 198.694320  61.846457 15.646
 12     8.712 52632.31973920 31.49 198.685921  61.832261 10.261
 12     8.850 52632.31973985 33.14 198.683491  61.835411 10.261
 12     8.822 52632.31974049 31.67 198.681051  61.838561 10.261
 12     8.806 52632.31974114 29.73 198.678621  61.841711 10.261
 13     8.146 52667.31975844 17.64 198.691131  61.834033  6.292
 13     8.095 52667.31975908 18.18 198.688701  61.837183  6.292
 13     8.274 52667.31975973 18.18 198.686261  61.840333  6.292
 13     8.138 52667.31976037 19.46 198.683831  61.843483  6.292
 13     8.381 52667.31976102 19.02 198.681391  61.846643  6.292
 14     7.856 52702.31973025 40.86 198.691021  61.833376 24.726
 14     7.877 52702.31973089 41.79 198.688591  61.836526 24.726
 14     7.919 52702.31973154 41.71 198.686156  61.839678 22.781
 14     7.914 52702.31973218 39.13 198.683716  61.842828 22.781
 14     8.095 52702.31973283 40.95 198.681286  61.845978 22.781
 15     7.396 52737.31977228 20.81 198.697289  61.836658  3.631
 15     7.391 52737.31977292 20.90 198.694849  61.839808  3.631
 15     7.192 52737.31977357 20.36 198.692419  61.842958  3.631
 16    10.600 52772.31973926 50.22 198.702443  61.839016 33.824
 16    10.635 52772.31973991 52.64 198.700003  61.842166 33.824
 16    10.504 52772.31974055 52.81 198.697573  61.845316 33.824
 16    10.666 52772.31974120 50.79 198.695143  61.848466 33.824
 17    13.393 52807.31979418 48.45 198.685994  61.826856 24.160
 17    13.451 52807.31979482 50.62 198.683554  61.830016 24.160
 17    13.508 52807.31979547 50.93 198.681124  61.833166 24.160
 17    13.525 52807.31979611 51.49 198.678684  61.836316 24.160
 17    13.559 52807.31979676 51.80 198.676254  61.839466 24.160
 18    11.442 52842.31985358 13.08 198.686934  61.831356 26.751
 18    11.435 52842.31985422 13.42 198.684494  61.834506 26.751
 18    11.301 52842.31985487 16.48 198.682064  61.837656 26.751
 18    11.418 52842.31985551 19.69 198.679624  61.840806 26.751
 18    11.519 52842.31985616 25.78 198.677194  61.843956 26.751
 19    14.814 52877.31989227 12.16 198.688573  61.832716 28.414
 19    12.739 52877.31989291 12.97 198.686133  61.835866 28.414
 19    11.537 52877.31989356 15.30 198.683703  61.839016 28.414
 19    11.690 52877.31989420 15.92 198.681273  61.842166 28.414
 19    11.531 52877.31989485 21.21 198.678833  61.845316 28.414
 20    10.737 52912.31985164 49.08 198.704011  61.840667 17.373
 20    10.653 52912.31985228 46.32 198.701571  61.843817 17.373
 20    10.603 52912.31985293 42.18 198.699141  61.846977 17.373
 20    10.690 52912.31985357 46.67 198.696701  61.850127 17.373
 21     8.082 52947.31980709 49.47 198.687217  61.829778 27.116
 21     8.007 52947.31980773 53.05 198.684777  61.832928 27.116
 21     8.005 52947.31980838 52.18 198.682347  61.836078 27.116
 21     8.029 52947.31980902 51.20 198.679907  61.839228 27.116
 21     8.112 52947.31980966 51.90 198.677477  61.842378 27.116
 23    10.558 53017.31983967 12.77 198.697135  61.836622  4.172
 23     8.316 53017.31984031 13.62 198.694705  61.839772  4.172
 23     8.708 53017.31984095 13.19 198.692265  61.842922  4.172
 24    11.838 53052.31981876  9.74 198.688311  61.832045  2.888
 24     9.334 53052.31981941 10.07 198.685871  61.835195  2.888
 24     8.735 53052.31982005 10.44 198.683441  61.838345  2.888
 24     9.155 53052.31982069 10.21 198.681001  61.841495  2.888
 24     9.122 53052.31982134 10.44 198.678571  61.844645  2.888
 25    12.475 53087.31985587  8.13 198.692137  61.834562  2.546
 25    11.094 53087.31985652  8.37 198.689707  61.837712  2.546
 25    10.742 53087.31985716  8.09 198.687277  61.840862  2.546
 25    10.822 53087.31985781  8.41 198.684847  61.844012  2.546
 26    15.103 53122.31982537 31.91 198.688138  61.829996 28.629
 26     8.316 53122.31982602 30.78 198.685698  61.833146 28.629
 26     8.504 53122.31982666 28.36 198.683268  61.836306 28.629
 26     8.003 53122.31982731 30.20 198.680828  61.839456 28.629
 26     7.940 53122.31982795 32.96 198.678398  61.842606 28.629
 27    14.052 53157.31988139 48.04 198.686623  61.828399 24.028
 27    14.136 53157.31988203 51.30 198.684193  61.831549 24.028
 27    14.023 53157.31988268 50.77 198.681758  61.834695 34.312
 27    14.083 53157.31988332 53.05 198.679328  61.837845 34.312
 27    14.180 53157.31988397 52.53 198.676888  61.840995 34.312
 28    11.041 53192.31987544 19.91 198.696136  61.836721 19.890
 28    11.493 53192.31987608 20.58 198.693706  61.839871 19.890
 28    11.926 53192.31987673 22.58 198.691276  61.843021 19.890
 29    10.252 53227.31987581 45.07 198.697285  61.837384 23.239
 29    10.397 53227.31987645 43.05 198.694845  61.840534 23.239
 29    10.240 53227.31987710 44.41 198.692415  61.843684 23.239
 30     8.656 53262.31984955 27.79 198.696494  61.839961 26.035
 30     9.077 53262.31985019 41.12 198.694054  61.843111 26.035
 30     9.248 53262.31985084 49.30 198.691624  61.846271 26.035
 31     9.049 53297.31988424 18.47 198.683389  61.827413 13.062
 31     9.180 53297.31988489 22.06 198.680959  61.830563 13.062
 31     9.232 53297.31988553 24.50 198.678519  61.833703 13.062
 31     9.022 53297.31988618 26.33 198.676089  61.836863 13.062
 31     8.956 53297.31988682 22.88 198.673649  61.840013 13.062
 32     7.545 53332.31985705 37.80 198.693239  61.834324 24.163
 32     7.431 53332.31985770 40.18 198.690809  61.837464 24.163
 32     7.405 53332.31985834 38.82 198.688379  61.840614 24.163
 32     7.525 53332.31985963 37.43 198.683509  61.846924 24.163
 33     7.938 53367.31980292 16.48 198.701749  61.840526  4.289
 33     8.018 53367.31980356 17.15 198.699319  61.843676  4.289
 33     7.720 53367.31980421 17.79 198.696879  61.846826  4.289
 34     9.734 53402.31983029 10.28 198.688982  61.833320  3.301
 34     9.261 53402.31983093 11.11 198.686542  61.836470  3.301
 34     8.871 53402.31983158 11.07 198.684112  61.839620  3.301
 34     9.341 53402.31983222 10.91 198.681672  61.842770  3.301
 34     9.326 53402.31983287 11.58 198.679242  61.845920  3.301
 35    14.002 53437.31982014 10.82 198.698536  61.839232  2.625
 35    13.170 53437.31982078 11.30 198.696106  61.842382  2.625
 35    12.257 53437.31982143 11.15 198.693666  61.845542  2.625
 36    13.548 53472.31987207  5.14 198.686477  61.829951  2.515
 36    13.444 53472.31987272  4.99 198.684047  61.833101  2.515
 36    12.422 53472.31987336  5.32 198.681617  61.836261  2.515
 36    11.671 53472.31987401  5.61 198.679177  61.839411  2.515
 36    11.547 53472.31987465  5.37 198.676747  61.842561  2.515
 37    14.496 53507.31990191 50.93 198.691696  61.832654 40.731
 37    14.522 53507.31990256 54.45 198.689266  61.835794 40.731
 37    14.551 53507.31990320 52.35 198.686836  61.838954 40.731
 37    14.596 53507.31990385 49.72 198.684396  61.842104 40.731
 37    14.645 53507.31990449 49.27 198.681966  61.845254 40.731
 38    14.284 53542.31990964 48.39 198.690639  61.834023 29.582
 38    14.323 53542.31991028 49.18 198.688209  61.837173 29.582
 38    14.304 53542.31991093 48.45 198.685769  61.840333 29.582
 38    14.313 53542.31991157 49.20 198.683339  61.843483 29.582
 38    14.317 53542.31991222 51.94 198.680899  61.846633 29.582
 39    11.780 53577.31989689 13.61 198.694305  61.838497 13.473
 39    12.198 53577.31989754 15.88 198.691875  61.841647 13.473
 39    11.941 53577.31989818 32.25 198.689435  61.844797 13.473
 40    10.080 53612.31984901 20.01 198.698844  61.837738 21.915
 40    10.316 53612.31984965 23.02 198.696414  61.840888 21.915
 40    10.943 53612.31985029 27.38 198.693974  61.844048 21.915
 41    11.840 53647.31985327 26.36 198.687333  61.832738 30.545
 41    11.622 53647.31985392 23.69 198.684893  61.835878 30.545
 41    11.749 53647.31985456 25.95 198.682463  61.839038 30.545
 41    11.904 53647.31985521 37.38 198.680023  61.842188 30.545
 41    12.183 53647.31985585 43.03 198.677593  61.845338 30.545
 42     9.195 53682.31986906 43.44 198.690136  61.834643 21.058
 42     9.163 53682.31986971 40.92 198.687706  61.837793 21.058
 42     9.064 53682.31987035 36.35 198.685276  61.840943 21.058
 42     9.233 53682.31987100 33.83 198.682836  61.844093 21.058
 43    13.634 53717.31979701 15.56 198.700983  61.839351  8.284
 43    12.984 53717.31979766 16.26 198.698553  61.842501  8.284
 43    11.943 53717.31979830 16.19 198.696123  61.845651  8.284
 43    11.499 53717.31979895 16.57 198.693683  61.848801  8.284
 44    10.618 53752.31971608 12.95 198.688625  61.834405  3.933
 44     9.753 53752.31971672 12.43 198.686185  61.837555  3.933
 44     8.546 53752.31971737 13.94 198.683755  61.840705  3.933
 44     8.517 53752.31971801 13.78 198.681315  61.843855  3.933
 45     7.369 53787.31974677 19.35 198.696728  61.838683  7.396
 45     7.523 53787.31974741 20.78 198.694298  61.841833  7.396
 45     7.528 53787.31974806 20.10 198.691858  61.844993  7.396
 46    13.518 53822.31969927  6.49 198.685069  61.826845  2.581
 46    13.190 53822.31969991  6.49 198.682629  61.829985  2.581
 46    11.703 53822.31970056  6.84 198.680199  61.833145  2.581
 46    10.360 53822.31970120  6.55 198.677759  61.836295  2.581
 46    10.748 53822.31970185  6.79 198.675319  61.839435  2.581
 47     9.136 53857.31979196 14.93 198.685593  61.832239 12.294
 47     9.234 53857.31979261 19.74 198.683163  61.835389 12.294
 47     9.280 53857.31979325 17.53 198.680723  61.838539 12.294
 47     8.833 53857.31979390 11.66 198.678293  61.841689 12.294
 48    14.880 53892.31980616 24.51 198.692074  61.837277 32.278
 48    14.249 53892.31980681 27.19 198.689634  61.840437 32.278
 48    14.580 53892.31980745 32.46 198.687204  61.843587 32.278
 49    13.188 53927.31986522 41.89 198.684269  61.830169 26.170
 49    13.194 53927.31986586 38.49 198.681829  61.833319 26.170
 49    13.235 53927.31986650 41.18 198.679399  61.836469 26.170
 49    13.293 53927.31986715 47.84 198.676969  61.839629 26.170
 50    14.448 53962.31984969 24.21 198.692102  61.834572 34.583
 50    14.323 53962.31985033 19.84 198.689662  61.837722 34.583
 50    11.319 53962.31985098 27.05 198.687232  61.840872 34.583
 50    11.545 53962.31985162 39.07 198.684802  61.844022 34.583
 51    11.064 53997.31979319 47.39 198.683486  61.826448 23.117
 51    10.973 53997.31979384 44.92 198.681056  61.829598 23.117
 51    10.820 53997.31979448 28.91 198.678616  61.832748 23.117
 51    10.864 53997.31979513 22.08 198.676176  61.835888 23.117
 51    10.480 53997.31979577 23.97 198.673746  61.839038 23.117
 52    10.615 54032.31984551 53.84 198.688931  61.834649 40.016
 52    10.758 54032.31984615 52.36 198.686501  61.837799 40.016
 52    10.700 54032.31984680 51.67 198.684061  61.840949 40.016
 52    10.745 54032.31984744 51.10 198.681631  61.844099 40.016
 54    13.073 54102.31979978 10.81 198.700086  61.837584  3.762
 54    12.502 54102.31980043 11.26 198.697646  61.840734  3.762
 54    12.484 54102.31980107 12.10 198.695216  61.843884  3.762
 54    10.414 54102.31980171 12.25 198.692786  61.847034  3.762
 55     8.063 54137.31976733 18.10 198.687211  61.832622  9.330
 55     8.349 54137.31976797 17.95 198.684781  61.835782  9.330
 55     8.197 54137.31976862 17.35 198.682341  61.838922  9.330
 55     7.915 54137.31976926 18.11 198.679911  61.842072  9.330
 55     7.906 54137.31976991 17.66 198.677471  61.845222  9.330
 56    11.921 54172.31977717  9.34 198.696050  61.838332  2.534
 56    11.317 54172.31977781  9.42 198.693620  61.841482  2.534
 56    10.964 54172.31977846  9.17 198.691180  61.844632  2.534
 57    13.752 54207.31977235 18.02 198.686904  61.830542 10.619
 57    13.352 54207.31977300 17.20 198.684474  61.833692 10.619
 57    12.517 54207.31977364 17.52 198.682034  61.836832 10.619
 57    11.670 54207.31977429 18.69 198.679604  61.839992 10.619
 57    10.789 54207.31977493 17.78 198.677164  61.843142 10.619
 58    10.477 54242.31980572 52.84 198.691971  61.835615 39.071
 58    10.369 54242.31980636 53.36 198.689541  61.838765 39.071
 58    10.636 54242.31980700 52.41 198.687101  61.841915 39.071
 58    10.529 54242.31980765 49.34 198.684671  61.845065 39.071
 59    13.587 54277.31981924 13.91 198.693151  61.833610 20.627
 59    11.948 54277.31981989 15.45 198.690721  61.836760 20.627
 59    11.652 54277.31982053 20.80 198.688291  61.839910 20.627
 59    11.709 54277.31982118 25.70 198.685851  61.843060 20.627
 59    11.985 54277.31982182 33.61 198.683421  61.846210 20.627
 60    11.639 54312.31982046 25.72 198.692565  61.837113 15.798
 60    11.357 54312.31982110 23.51 198.690135  61.840253 15.798
 60    11.613 54312.31982175 25.26 198.687695  61.843413 15.798
 61    14.168 54347.31979316 18.31 198.699400  61.839448 15.995
 61    11.466 54347.31979380 18.88 198.696970  61.842598 15.995
 61    11.638 54347.31979445 28.62 198.694540  61.845748 15.995
 62    10.758 54382.31975718 53.52 198.687942  61.834090 44.084
 62    10.866 54382.31975782 50.86 198.685512  61.837240 44.084
 62    10.716 54382.31975846 51.74 198.683072  61.840390 44.084
 62    10.731 54382.31975911 47.31 198.680642  61.843540 44.084
 63    11.829 54417.31974191 19.75 198.696328  61.837069 14.184
 63     9.024 54417.31974255 23.72 198.693898  61.840219 14.184
 63     8.933 54417.31974320 28.39 198.691458  61.843369 14.184
 64    11.321 54452.31972613 12.58 198.685716  61.831108  6.195
 64    11.440 54452.31972678 13.81 198.683286  61.834258  6.195
 64    11.069 54452.31972742 14.88 198.680846  61.837398  6.195
 64    10.573 54452.31972807 15.92 198.678416  61.840558  6.195
 65     8.739 54487.31973917  8.09 198.694095  61.836364  4.979
 65     8.641 54487.31973982  8.14 198.691665  61.839514  4.979
 65     8.619 54487.31974046  8.60 198.689225  61.842664  4.979
 66    13.956 54522.31973938  9.35 198.691111  61.832269  3.110
 66    13.276 54522.31974003  8.90 198.688671  61.835419  3.110
 66    12.665 54522.31974067  9.56 198.686241  61.838569  3.110
 66    11.875 54522.31974132  9.80 198.683801  61.841719  3.110
 66    10.764 54522.31974196 10.60 198.681371  61.844869  3.110
 67    13.043 54557.31974993  3.85 198.695815  61.839262  3.358
 67     7.606 54557.31975057  7.62 198.693375  61.842412  3.358
 67     7.433 54557.31975121  7.73 198.690945  61.845562  3.358
 68     7.465 54592.31973575 28.20 198.691646  61.832860 11.919
 68     7.444 54592.31973639 23.12 198.689206  61.836010 11.919
 68     7.533 54592.31973704 27.09 198.686776  61.839160 11.919
 68     7.424 54592.31973768 28.09 198.684336  61.842310 11.919
 68     7.459 54592.31973833 23.60 198.681906  61.845460 11.919
 69    13.256 54627.31975137 46.41 198.694082  61.834964 34.976
 69    13.345 54627.31975201 51.70 198.691642  61.838114 34.976
 69    13.376 54627.31975266 53.46 198.689212  61.841264 34.976
 70    11.778 54662.31975920 38.89 198.688878  61.835346 25.929
 70    11.543 54662.31975985 38.02 198.686438  61.838496 25.929
 70    11.370 54662.31976049 36.07 198.684008  61.841646 25.929
 70    11.511 54662.31976114 32.23 198.681568  61.844796 25.929
 71    11.888 54697.31973497 26.22 198.697879  61.839314 22.631
 71    12.276 54697.31973562 28.62 198.695439  61.842464 22.631
 71    12.471 54697.31973626 41.41 198.693009  61.845614 22.631
 72    10.338 54732.31971548 31.93 198.686894  61.833266 27.044
 72    10.421 54732.31971612 25.33 198.684464  61.836416 27.044
 72    10.619 54732.31971677 40.76 198.682024  61.839566 27.044
 72    10.550 54732.31971741 50.98 198.679594  61.842716 27.044
 72    10.501 54732.31971806 53.26 198.677154  61.845866 27.044
 73    10.498 54767.31971356 27.52 198.693020  61.836460 14.573
 73    10.714 54767.31971420 34.80 198.690580  61.839610 14.573
 73    10.804 54767.31971485 41.33 198.688150  61.842770 14.573
 74    10.700 54802.31970892 19.31 198.686450  61.831369  7.732
 74     9.956 54802.31970957 19.92 198.684020  61.834519  7.732
 74     9.614 54802.31971021 21.35 198.681590  61.837659  7.732
 74     9.823 54802.31971086 20.94 198.679150  61.840809  7.732
 74     9.590 54802.31971150 22.03 198.676720  61.843969  7.732
 75    12.812 54837.31970611  7.24 198.693277  61.834956  2.864
 75    11.626 54837.31970676  8.63 198.690837  61.838106  2.864
 75    10.634 54837.31970740  8.56 198.688407  61.841256  2.864
 76    13.469 54872.31970810  6.54 198.686670  61.833666  2.487
 76    12.816 54872.31970874  6.50 198.684240  61.836816  2.487
 76    12.077 54872.31970939  6.08 198.681800  61.839966  2.487
 76    11.308 54872.31971003  6.62 198.679370  61.843116  2.487
 77    14.328 54907.31971426 12.02 198.696513  61.839444  2.404
 77    13.921 54907.31971491 11.88 198.694083  61.842594  2.404
 77    13.384 54907.31971555 11.97 198.691643  61.845744  2.404
 78    14.156 54942.31970078  8.04 198.687693  61.831549  2.181
 78    13.859 54942.31970143  7.87 198.685263  61.834699  2.181
 78    13.177 54942.31970207  8.11 198.682823  61.837849  2.181
 78    12.272 54942.31970272  8.20 198.680393  61.840999  2.181
 78    12.284 54942.31970336  7.50 198.677953  61.844149  2.181
 79    15.564 54977.31972859 40.41 198.692477  61.833087 35.581
 79    15.373 54977.31972923 27.41 198.690037  61.836237 35.581
 79    15.015 54977.31972988 26.12 198.687607  61.839387 35.581
 79    15.419 54977.31973052 26.09 198.685167  61.842537 35.581
 79    15.464 54977.31973117 31.27 198.682737  61.845687 35.581
 80    13.649 55012.31973659 51.78 198.693847  61.835059 46.149
 80    13.628 55012.31973723 47.27 198.691407  61.838209 46.149
 80    13.586 55012.31973788 51.57 198.688977  61.841359 46.149
 81    10.522 55047.31972914 48.28 198.691176  61.836064 39.369
 81    10.395 55047.31972979 35.71 198.688736  61.839214 39.369
 81    10.438 55047.31973043 37.16 198.686306  61.842364 39.369
 81    10.644 55047.31973108 32.63 198.683866  61.845514 39.369
 82    10.054 55082.31970120 38.85 198.699291  61.839998 26.819
 82     9.954 55082.31970185 29.22 198.696861  61.843148 26.819
 82    10.145 55082.31970249 33.25 198.694421  61.846298 26.819
 83     9.779 55117.31966022 49.54 198.689349  61.832461 43.288
 83     9.735 55117.31966087 44.06 198.686909  61.835611 43.288
 83     9.829 55117.31966151 42.87 198.684479  61.838761 43.288
 83     9.673 55117.31966216 47.87 198.682039  61.841901 43.288
 83     9.855 55117.31966280 49.92 198.679609  61.845061 43.288
 84     8.646 55152.31965853 18.39 198.693202  61.836314  6.199
 84     8.402 55152.31965917 20.31 198.690772  61.839464  6.199
 84     8.389 55152.31965982 18.48 198.688332  61.842614  6.199
 85     7.886 55187.31964725 43.28 198.687247  61.831263 23.805
 85     7.926 55187.31964790 41.66 198.684817  61.834413 23.805
 85     7.927 55187.31964854 41.28 198.682387  61.837563 23.805
 85     8.129 55187.31964918 41.45 198.679947  61.840713 23.805
 85     8.037 55187.31964983 38.73 198.677507  61.843863 23.805
 86     7.770 55222.31965701 20.25 198.694372  61.835290  4.398
 86    10.929 55222.31965765 19.72 198.691942  61.838440  4.398
 86     8.055 55222.31965830 20.11 198.689502  61.841590  4.398
 87     8.194 55257.31964381 19.13 198.689475  61.835456  4.497
 87     8.640 55257.31964446 19.77 198.687045  61.838606  4.497
 87     8.876 55257.31964510 18.81 198.684605  61.841756  4.497
 87     8.707 55257.31964575 19.27 198.682175  61.844906  4.497
 88    11.524 55292.31964559 14.07 198.698503  61.838004  3.762
 88    10.516 55292.31964623 13.88 198.696073  61.841154  3.762
 88     9.215 55292.31964688 14.72 198.693633  61.844304  3.762
 89     9.114 55327.31962757 37.59 198.691504  61.832506 38.026
 89     9.127 55327.31962821 35.77 198.689064  61.835656 38.026
 89     9.401 55327.31962886 45.51 198.686634  61.838806 38.026
 89     9.187 55327.31962950 49.23 198.684204  61.841956 38.026
 89     9.402 55327.31963014 41.05 198.681764  61.845106 38.026
 90    10.545 55362.31962434 24.56 198.694215  61.838157 24.702
 90    10.969 55362.31962499 21.16 198.691775  61.841307 24.702
 90    11.129 55362.31962563 28.22 198.689345  61.844457 24.702
 91    13.161 55397.31963128 11.45 198.687460  61.832785 28.364
 91    12.770 55397.31963192 11.19 198.685030  61.835935 28.364
 91    12.023 55397.31963257 12.26 198.682600  61.839085 28.364
 91    11.729 55397.31963321 14.21 198.680160  61.842235 28.364
 91    11.678 55397.31963386 17.02 198.677720  61.845385 28.364
 92    12.411 55432.31963948 19.97 198.693164  61.836603 26.610
 92    12.774 55432.31964013 22.50 198.690724  61.839753 26.610
 92    12.911 55432.31964077 34.88 198.688294  61.842903 26.610
 93    13.956 55467.31959897 17.94 198.701535  61.841051 22.869
 93    11.313 55467.31959961 19.71 198.699105  61.844201 22.869
 93    11.552 55467.31960026 23.23 198.696665  61.847351 22.869
