# NaN NaN NaN ;Mean Elev.(m), Avg Gradient(m/km), RMS Gradient(m/km) - SRTM1     
#   10.454  -5.115  26.567 ;Mean Elev.(m), Avg Gradient(m/km), RMS Gradient(m/km) - ASTER GDEM
#   18.612  -4.169  36.393 ;Mean Elev.(m), Avg Gradient(m/km), RMS Gradient(m/km) - GMTED2010 
  7 199.770451  61.959594    20.576    20.576  2 52453.90710367 15.359
  8 199.775054  61.957723    12.937    12.937  2 52488.90708199 47.252
 11 199.766387  61.956937    12.078    12.078  2 52593.90710954 46.558
 12 199.791161  61.959136    12.185    12.148  3 52628.90703489 26.371
 13 199.772152  61.958178    12.877    13.455  3 52663.90707096 23.461
 14 199.793488  61.959035    11.127    11.382  3 52698.90704485 44.185
 15 199.779000  61.958056    12.682    12.406  3 52733.90707032 19.190
 17 199.786372  61.957019    16.227    16.263  3 52803.90709515 44.523
 18 199.784233  61.957726    15.069    14.914  3 52838.90715797 19.281
 21 199.796161  61.958820    32.020    32.104  3 52943.90710821 18.881
 22 199.782929  61.958540    13.705    13.700  3 52978.90716422 16.956
 23 199.767064  61.957735    11.747    11.747  2 53013.90716331 12.713
 24 199.784002  61.957777    12.620    12.620  2 53048.90713395  9.689
 25 199.764094  61.959328    10.141    10.141  2 53083.90716989 10.996
 28 199.782672  61.957305    15.206    15.439  3 53188.90717999 45.418
 29 199.773255  61.958112    13.075    13.695  3 53223.90719534 42.973
 30 199.760984  61.957979    12.595    12.595  2 53258.90717097 31.296
 31 199.775343  61.958417    25.183    25.183  2 53293.90719426 11.508
 32 199.775558  61.958168    10.019     9.990  3 53328.90716779 23.087
 33 199.771675  61.959527    10.813    10.813  2 53363.90711975 18.193
 34 199.779483  61.957814    12.018    12.018  2 53398.90714311 10.996
 35 199.770696  61.959171    14.637    14.637  2 53433.90713375  7.084
 36 199.781332  61.957101     9.327     9.401  3 53468.90717496 18.121
 38 199.772794  61.958401    17.359    17.359  2 53538.90721721 22.683
 39 199.765569  61.956946    17.290    17.290  2 53573.90721644 28.211
 41 199.783442  61.956499    15.414    15.414  2 53643.90716797 19.057
 42 199.768366  61.958806    10.799    10.799  2 53678.90718607 42.539
 43 199.769416  61.957947    12.751    12.751  2 53713.90711456 20.498
 44 199.793070  61.957529    13.145    13.471  3 53748.90702850 13.609
 45 199.776417  61.957891    10.554    10.384  3 53783.90705956 27.883
 46 199.763932  61.959189    11.165    11.165  2 53818.90702149 13.335
 47 199.777460  61.957828     9.991     9.991  2 53853.90710032 12.899
 48 199.783057  61.956376    18.083    18.083  2 53888.90710863 24.734
 49 199.766720  61.957350    16.380    16.380  2 53923.90717651 37.809
 50 199.764062  61.959625    14.690    14.690  2 53958.90716762 24.651
 51 199.795341  61.957731    26.088    26.088  2 53993.90709730 21.331
 52 199.786240  61.958447    35.419    35.419  2 54028.90715702  4.292
 53 199.776526  61.958235    12.234    12.234  2 54063.90715123 22.671
 54 199.765037  61.957493    14.189    14.189  2 54098.90711873 11.798
 57 199.782888  61.957102    17.494    17.461  3 54203.90707918 25.876
 58 199.776140  61.956383    14.975    14.975  2 54238.90711402 17.379
 59 199.775706  61.958649    15.644    15.644  2 54273.90713122 26.030
 60 199.777045  61.957647    14.683    14.683  2 54308.90713323 17.738
 61 199.767863  61.958773    14.806    14.806  2 54343.90711083 17.177
 62 199.780821  61.957521    24.107    24.107  2 54378.90706887 28.276
 63 199.772532  61.958687    12.368    12.368  2 54413.90705874 24.598
 64 199.783878  61.957526    13.047    12.799  3 54448.90703548 19.252
 65 199.777728  61.958049    12.863    12.449  3 54483.90705265 15.759
 66 199.783511  61.957948    13.538    13.537  3 54518.90704912 10.143
 68 199.779435  61.958655    10.042    10.099  3 54588.90704470 23.672
 70 199.773631  61.957787    15.172    15.213  3 54658.90707144 24.635
 71 199.770553  61.957276    14.880    14.880  2 54693.90705225 47.061
 72 199.781393  61.956830    14.156    14.156  2 54728.90702542 20.781
 73 199.774300  61.957741    12.921    12.983  3 54763.90703016 44.832
 74 199.784528  61.958316    13.011    13.064  3 54798.90701861 23.330
 75 199.772883  61.957498    14.236    14.236  2 54833.90702060  9.680
 76 199.784646  61.957167    13.263    12.915  3 54868.90701540 13.823
 78 199.781265  61.958566    14.765    14.773  3 54938.90700597  9.730
 79 199.777163  61.957812    19.002    19.002  2 54973.90703734 30.499
 80 199.771850  61.958520    17.186    17.186  2 55008.90705178 20.707
 81 199.776211  61.957264    14.875    14.875  2 55043.90704156 26.904
 82 199.769301  61.959432    13.569    13.569  2 55078.90701847 24.430
 84 199.773104  61.957998    11.007    11.043  3 55148.90697443 24.955
 85 199.783205  61.957067    11.162    10.878  3 55183.90695626 17.379
 86 199.771151  61.958612     9.985     9.985  2 55218.90697209 21.406
 87 199.783297  61.957828     9.987     9.987  2 55253.90695235 23.279
 88 199.765277  61.957690     9.815     9.815  2 55288.90696215 15.076
 89 199.772395  61.956695    10.791    10.791  2 55323.90693982 38.335
 90 199.772702  61.958438    14.551    14.551  2 55358.90693804 27.387
 91 199.779315  61.957106    15.026    15.040  3 55393.90694184 19.783
 92 199.776830  61.957490    15.689    15.865  3 55428.90695379 44.463
