# NaN NaN NaN ;Mean Elev.(m), Avg Gradient(m/km), RMS Gradient(m/km) - SRTM1     
#    1.142  -0.738   4.426 ;Mean Elev.(m), Avg Gradient(m/km), RMS Gradient(m/km) - ASTER GDEM
#    9.061  -0.422   0.960 ;Mean Elev.(m), Avg Gradient(m/km), RMS Gradient(m/km) - GMTED2010 
  6 200.033570  62.286092    19.842    19.827 16 52418.90701090 49.190
  7 200.034209  62.294737    25.044    24.418 17 52453.90703501 40.105
  8 200.034996  62.288150    15.825    15.822 16 52488.90701430 48.809
 10 200.033964  62.284937    15.371    15.366 16 52558.90704014 52.847
 11 200.032588  62.295216    13.497    13.489 17 52593.90704023 34.704
 12 200.033797  62.267513    13.830    13.830 11 52628.90697171 29.895
 13 200.034623  62.291739    14.228    14.134 17 52663.90700262 16.829
 14 200.033659  62.264268    12.794    12.637 11 52698.90698232 29.968
 15 200.033942  62.282186    12.885    12.930 15 52733.90700392 22.041
 16 200.032435  62.303304    14.755    14.788 15 52768.90699992 47.228
 17 200.032760  62.270118    18.477    18.510 12 52803.90703100 29.538
 18 200.033071  62.273978    17.047    16.497 12 52838.90709318 18.584
 19 200.035313  62.282470    16.608    16.615 15 52873.90713127 48.899
 20 200.034453  62.288932    16.045    16.032 16 52908.90710928 52.761
 21 200.036330  62.264048    12.389    12.368  9 52943.90704567 47.341
 22 200.033010  62.276362    13.082    13.327 13 52978.90709911 23.440
 23 200.033228  62.296025    14.130    14.503 17 53013.90709400 25.719
 24 200.032847  62.274019    15.645    16.050 13 53048.90706916  7.579
 25 200.031535  62.299183    15.831    16.496 16 53083.90710026 14.255
 26 200.033954  62.282014    12.966    12.074 16 53118.90707347 33.804
 27 200.034848  62.291306    18.760    18.811 17 53153.90712288 18.359
 28 200.032669  62.275144    17.380    17.164 13 53188.90711488 19.673
 29 200.034435  62.290111    15.379    15.328 16 53223.90712733 47.300
 30 200.032092  62.302573    14.394    14.343 15 53258.90710038 47.794
 31 200.034191  62.287245    13.035    12.596 16 53293.90712689 25.899
 32 200.034271  62.287013    11.738    11.596 16 53328.90710042 19.352
 33 200.034070  62.293099    12.584    12.457 16 53363.90705142 21.323
 34 200.034538  62.281927    15.633    15.766 16 53398.90707671  8.175
 35 200.034342  62.294319    16.799    16.611 17 53433.90706509 10.252
 36 200.032668  62.276496    14.945    15.045 14 53468.90710953  8.612
 38 200.034018  62.290397    19.296    19.263 17 53538.90714919 19.445
 39 200.032975  62.296809    17.374    17.032 16 53573.90714682 26.333
 40 200.032007  62.301783    15.960    15.750 15 53608.90709575 35.767
 41 200.032292  62.272748    17.115    16.443 13 53643.90710318 18.180
 42 200.033335  62.295511    13.174    13.169 16 53678.90711709 37.575
 43 200.033026  62.293099    12.841    12.778 17 53713.90704590 21.059
 44 200.034478  62.264329    15.790    15.954 10 53748.90696565  7.481
 45 200.035112  62.286738    13.006    12.867 16 53783.90699219 22.193
 46 200.032479  62.300651    16.483    16.629 15 53818.90695154  6.813
 47 200.035039  62.285092    15.844    16.140 16 53853.90703327  8.781
 48 200.031799  62.272642    19.748    19.616 13 53888.90704384 30.694
 49 200.032989  62.295634    18.478    18.462 17 53923.90710721 50.354
 50 200.031508  62.299494    16.738    16.553 16 53958.90709800 37.798
 51 200.035553  62.262962    16.220    16.162  9 53993.90703477 46.967
 52 200.032599  62.271548    15.867    15.489 13 54028.90709288 20.199
 53 200.033978  62.285509    14.216    14.102 16 54063.90708418 15.812
 54 200.033638  62.298943    15.352    15.125 17 54098.90704878  6.907
 55 200.033183  62.273242    12.270    12.147 13 54133.90701025 23.630
 57 200.032978  62.274923    14.611    14.880 13 54203.90701407 21.153
 58 200.033624  62.283664    16.433    15.774 16 54238.90704697 20.658
 59 200.033192  62.285923    17.578    17.676 16 54273.90706417 15.412
 60 200.034541  62.284915    16.610    16.619 16 54308.90706619 27.988
 61 200.033991  62.297077    17.054    17.070 17 54343.90704152 52.040
 62 200.033380  62.278490    15.801    15.789 15 54378.90700312 28.572
 63 200.033738  62.290681    13.259    13.260 17 54413.90699073 40.815
 64 200.033975  62.275346    13.291    12.931 13 54448.90697037 21.842
 65 200.033972  62.283743    14.592    15.143 16 54483.90698593 13.267
 66 200.033588  62.275773    15.589    15.615 13 54518.90698401  9.083
 68 200.034483  62.282787    11.061    11.058 15 54588.90697829 24.478
 69 200.033867  62.289065    18.446    18.266 16 54623.90699477 18.951
 70 200.034872  62.289776    17.100    16.921 16 54658.90700343 20.794
 71 200.034217  62.292427    17.644    17.647 17 54693.90698359 52.236
 72 200.032694  62.276230    15.634    15.710 13 54728.90695998 25.025
 73 200.034267  62.288152    14.417    14.406 17 54763.90696247 41.813
 74 200.032146  62.272992    14.247    14.185 13 54798.90695414 27.007
 75 200.034092  62.289493    14.966    14.969 17 54833.90695259 13.057
 76 200.033490  62.273412    17.198    17.233 12 54868.90695061  7.598
 77 200.032502  62.297887    17.632    17.659 16 54903.90696072 10.610
 78 200.033839  62.279544    17.904    18.182 15 54938.90694022 10.013
 79 200.034681  62.285087    20.776    20.740 16 54973.90697029 47.787
 80 200.034309  62.292087    18.831    18.832 16 55008.90698344 22.408
 81 200.033702  62.284544    15.871    15.769 16 55043.90697451 29.475
 82 200.032960  62.294585    15.186    14.997 17 55078.90694981 29.666
 83 200.034291  62.280611    15.203    15.279 15 55113.90690774 27.297
 84 200.034325  62.289988    13.742    13.506 16 55148.90690641 27.994
 85 200.033296  62.274892    14.902    15.613 13 55183.90689115 12.876
 86 200.034848  62.293751    14.968    15.295 17 55218.90690344  8.144
 87 200.032117  62.274076    15.867    15.872 13 55253.90688756 13.414
 88 200.032642  62.297572    16.826    16.864 16 55288.90689253  7.488
 89 200.034868  62.290269    13.596    13.044 16 55323.90687149 40.045
 90 200.033917  62.290428    15.959    15.979 17 55358.90687002 52.295
 91 200.034354  62.281227    17.583    17.479 15 55393.90687544 14.849
 92 200.034324  62.284767    18.111    18.115 15 55428.90688674 45.464
 93 200.032758  62.295278    16.153    16.130 17 55463.90684813 24.634
