# NaN NaN NaN ;Mean Elev.(m), Avg Gradient(m/km), RMS Gradient(m/km) - SRTM1     
#  112.910 -32.200  89.182 ;Mean Elev.(m), Avg Gradient(m/km), RMS Gradient(m/km) - ASTER GDEM
#   69.493 -31.651  90.851 ;Mean Elev.(m), Avg Gradient(m/km), RMS Gradient(m/km) - GMTED2010 
  6 208.320162  65.189146    65.380    65.380  2 52441.89047947 38.575
  7 208.323764  65.187912    64.206    64.206  2 52476.89047560 33.934
  8 208.327115  65.188112    66.880    66.880  2 52511.89042277 41.444
  9 208.338002  65.185572    66.038    66.038  2 52546.89045322 41.080
 11 208.315002  65.189912    64.657    64.393  3 52616.89043885 17.203
 12 208.339369  65.185851    61.337    61.337  2 52651.89041454 11.585
 13 208.323385  65.189612    66.181    66.181  2 52686.89040851  4.790
 14 208.327688  65.186087    60.512    60.512  2 52721.89045737  4.359
 15 208.310467  65.190792    63.465    63.816  3 52756.89047975 24.139
 19 208.322416  65.187669    62.372    62.372  2 52896.89057461 23.939
 20 208.313329  65.190115    62.569    62.569  2 52931.89052160  7.604
 21 208.339213  65.185283    65.256    65.256  2 52966.89052278 13.435
 22 208.318944  65.187320    61.364    61.364  2 53001.89055065  5.808
 23 208.314697  65.190102    60.940    60.789  3 53036.89049928  4.174
 24 208.326810  65.187606    60.725    60.725  2 53071.89052310  3.824
 25 208.310222  65.189853    59.512    59.512  2 53106.89050037 21.609
 26 208.333418  65.185582    67.433    67.433  2 53141.89053121 40.591
 27 208.330543  65.187368    65.007    65.007  2 53176.89055752 45.353
 28 208.326137  65.188906    65.805    65.805  2 53211.89057707 41.458
 29 208.322479  65.188224    63.724    63.724  2 53246.89054579  6.384
 31 208.333619  65.186999    65.351    65.351  2 53316.89054041 23.848
 32 208.325205  65.187056    63.396    63.396  2 53351.89050625  9.115
 33 208.338118  65.185497    62.697    62.697  2 53386.89049510  4.592
 34 208.333766  65.187104    60.046    60.046  2 53421.89049725  3.947
 36 208.324289  65.188204    65.232    65.232  2 53491.89058785 18.945
 37 208.331280  65.186030    69.137    69.137  2 53526.89056902 43.357
 38 208.317894  65.188913    65.607    65.559  3 53561.89059782  3.631
 39 208.323680  65.187520    64.539    64.539  2 53596.89053723  4.949
 42 208.326483  65.187347    60.358    60.358  2 53701.89050285 20.537
 43 208.317525  65.190328    60.950    60.950  2 53736.89041256 12.169
 44 208.337068  65.185559    59.460    59.460  2 53771.89042027  7.463
 45 208.320357  65.187207    61.593    61.593  2 53806.89041024  2.083
 47 208.333802  65.185269    97.534    97.534  2 53876.89047840  6.389
 48 208.324673  65.186614    65.918    65.918  2 53911.89052864  5.676
 49 208.317669  65.189151    63.749    63.749  2 53946.89054499 23.377
 50 208.317353  65.187711    63.156    63.156  2 53981.89048916 31.525
 52 208.337089  65.186362    58.765    58.765  2 54051.89051095 45.936
 53 208.325488  65.189257    60.567    60.567  2 54086.89050274 18.689
 54 208.310189  65.191364    60.475    60.475  2 54121.89042731 12.019
 58 208.329759  65.186283    89.764    89.764  2 54261.89049459  6.600
 59 208.326673  65.186428    62.768    62.768  2 54296.89049943 30.882
 60 208.323350  65.187088    82.901    82.901  2 54331.89049028  3.508
 61 208.315738  65.189067    72.618    72.023  3 54366.89043218  3.490
 63 208.319594  65.189442    61.465    61.465  2 54436.89038978 15.497
 64 208.336485  65.186647    61.706    61.706  2 54471.89041736  9.647
 65 208.317228  65.188659    61.330    61.330  2 54506.89040201  6.376
 67 208.317530  65.189949    89.664    89.664  2 54576.89040354  3.197
 68 208.326842  65.185937    66.631    66.631  2 54611.89042362  9.664
 69 208.327033  65.186779    67.232    67.232  2 54646.89043075 41.468
 71 208.317927  65.190185    64.795    64.795  2 54716.89037982  4.975
 72 208.333010  65.187847    63.658    63.658  2 54751.89040310  4.265
 73 208.321264  65.189939    65.263    65.263  2 54786.89036987 10.997
 74 208.334398  65.187096    63.065    63.065  2 54821.89039701  6.637
 75 208.320022  65.186914    67.170    67.170  2 54856.89036641  4.011
 79 208.324954  65.187527    78.721    78.721  2 54996.89042036  3.777
 81 208.324082  65.188772    63.608    63.608  2 55066.89039890  6.792
 82 208.312826  65.189703    66.106    66.106  2 55101.89033962 13.511
 84 208.318598  65.188249    62.819    62.819  2 55171.89030742  8.004
 85 208.332154  65.186781    60.757    60.757  2 55206.89033918  6.721
 86 208.315520  65.188931    62.564    62.564  2 55241.89031270  4.516
 88 208.317146  65.188329    65.103    65.103  2 55311.89029739 10.279
 89 208.326515  65.187371    63.599    63.599  2 55346.89030280 36.600
 90 208.323217  65.188377    62.836    62.836  2 55381.89029452 47.676
 91 208.332717  65.185618    65.794    65.794  2 55416.89032212 41.554
 92 208.321904  65.188677    63.479    63.479  2 55451.89030473 30.702
