#   64.615   3.406   9.458 ;Mean Elev.(m), Avg Gradient(m/km), RMS Gradient(m/km)
  7    51.020 52471.29250718 50.34 205.997687  65.036849 30.266
  7    51.002 52471.29250783 52.02 205.994707  65.039959 30.266
  8    50.663 52506.29248619 54.02 206.002301  65.037038 21.509
  8    50.709 52506.29248684 52.80 205.999321  65.040138 21.509
 10    48.674 52576.29251636 42.19 205.994223  65.035262 19.229
 10    48.571 52576.29251700 44.74 205.991243  65.038372 19.229
 11    49.814 52611.29247857 33.52 206.003841  65.036360 18.610
 11    49.682 52611.29247922 34.19 206.000851  65.039470 18.610
 12    49.936 52646.29246549 14.58 205.995946  65.034565  3.810
 12    49.872 52646.29246613 13.04 205.992956  65.037675  3.810
 15    49.392 52751.29251831  9.06 205.998897  65.035181 10.196
 15    49.590 52751.29251896 15.05 205.995917  65.038291 10.196
 16    50.288 52786.29246247 50.42 205.983303  65.033689 22.594
 16    50.384 52786.29246312 47.92 205.980323  65.036789 22.594
 17    50.762 52821.29253627 52.13 205.987481  65.034878 24.975
 17    50.742 52821.29253691 48.52 205.984491  65.037988 24.975
 18    51.500 52856.29258349 43.41 205.996288  65.034464 19.433
 18    51.284 52856.29258413 42.94 205.993308  65.037564 19.433
 19    51.587 52891.29261623 49.65 205.995090  65.035497 24.425
 19    51.683 52891.29261687 50.36 205.992110  65.038597 24.425
 20    49.428 52926.29256861 27.28 206.010440  65.036984 10.342
 20    49.948 52926.29256925 29.01 206.007460  65.040094 10.342
 21    48.250 52961.29253684 28.74 205.994980  65.036315  9.754
 21    47.991 52961.29253749 25.70 205.991990  65.039415  9.754
 22    49.592 52996.29257629 13.04 205.994823  65.036661  5.094
 22    49.265 52996.29257693 12.42 205.991843  65.039761  5.094
 23    49.368 53031.29253800  8.09 206.008817  65.038653  3.362
 23    49.190 53031.29253865  6.81 206.005837  65.041753  3.362
 24    49.908 53066.29254572  5.34 205.998813  65.036434  2.494
 24    49.243 53066.29254636  4.29 205.995823  65.039544  2.494
 25    51.103 53101.29254511  4.98 206.007632  65.037424  2.389
 25    49.896 53101.29254576  4.46 206.004652  65.040524  2.389
 26    50.562 53136.29254730 47.94 205.999477  65.035552 31.291
 26    50.497 53136.29254795 49.70 205.996497  65.038652 31.291
 27    51.783 53171.29259938 14.30 205.992619  65.036127  9.318
 27    54.782 53171.29260003 11.67 205.989639  65.039227  9.318
 28    50.509 53206.29261218 40.04 205.999938  65.034816 38.246
 28    50.539 53206.29261282 48.99 205.996958  65.037916 38.246
 28    50.640 53206.29261347 46.64 205.993968  65.041026 38.246
 29    50.356 53241.29258027 51.59 206.009028  65.038171 26.158
 29    50.381 53241.29258092 53.42 206.006048  65.041281 26.158
 30    49.972 53276.29254982 14.81 205.986403  65.032482  8.599
 30    49.270 53276.29255046 14.32 205.983423  65.035582  8.599
 31    48.091 53311.29259156 46.58 205.993546  65.036033 19.181
 31    47.854 53311.29259220 47.47 205.990566  65.039133 19.181
 32    49.215 53346.29255750 11.13 206.003408  65.037830  4.305
 32    49.265 53346.29255815 11.73 206.000428  65.040930  4.305
 33    49.629 53381.29251512  8.75 205.987702  65.034390  3.236
 33    49.372 53381.29251577  8.22 205.984712  65.037500  3.236
 34    50.500 53416.29253558  4.99 206.004660  65.038524  2.231
 34    50.225 53416.29253623  4.41 206.001680  65.041624  2.231
 35    49.277 53451.29253224  7.09 205.986109  65.032094  3.052
 35    48.857 53451.29253288  6.07 205.983129  65.035194  3.052
 36    48.445 53486.29261766 31.17 205.990506  65.033141 23.012
 36    48.539 53486.29261830 37.00 205.987526  65.036241 23.012
 37    52.660 53521.29261137 43.52 206.001596  65.037385 25.884
 37    52.601 53521.29261201 50.82 205.998616  65.040485 25.884
 38    51.033 53556.29263551 24.53 205.993608  65.036421 16.581
 38    51.193 53556.29263616 27.98 205.990618  65.039531 16.581
 39    50.837 53591.29257430 50.31 206.015147  65.037611 29.289
 39    50.760 53591.29257495 51.84 206.012157  65.040721 29.289
 40    50.437 53626.29256114 52.72 205.978589  65.033172 23.077
 40    50.272 53626.29256179 49.24 205.975599  65.036282 23.077
 41    49.424 53661.29258672 42.93 205.993195  65.034614 21.607
 41    49.417 53661.29258737 46.01 205.990215  65.037714 21.607
 42    48.849 53696.29255648 22.84 206.004405  65.038367  7.594
 42    48.923 53696.29255713 21.95 206.001425  65.041467  7.594
 44    48.957 53766.29245010 11.79 206.000253  65.034999  4.032
 44    48.692 53766.29245074 10.98 205.997273  65.038099  4.032
 44    49.313 53766.29245139  9.86 205.994283  65.041209  4.032
 45    49.873 53801.29245257  8.75 206.012603  65.037844  3.148
 45    49.816 53801.29245321  7.91 206.009623  65.040944  3.148
 46    50.298 53836.29245967  4.91 205.986631  65.034697  2.542
 46    49.633 53836.29246031  4.40 205.983651  65.037797  2.542
 47    53.193 53871.29251604 32.82 205.994240  65.036872 21.485
 47    53.166 53871.29251669 31.49 205.991250  65.039982 21.485
 48    51.259 53906.29255416 46.23 205.994222  65.034829 27.329
 48    51.314 53906.29255480 47.59 205.991242  65.037939 27.329
 49    50.866 53941.29258295 26.67 205.992224  65.033090 22.807
 49    51.130 53941.29258360 39.23 205.989234  65.036200 22.807
 49    51.189 53941.29258424 36.59 205.986254  65.039300 22.807
 50    52.210 53976.29253857 51.42 206.008210  65.035960 27.852
 50    52.249 53976.29253922 51.69 206.005230  65.039060 27.852
 50    52.181 53976.29253986 47.66 206.002240  65.042170 27.852
 51    49.703 54011.29254084 29.60 205.985664  65.035157 19.715
 51    49.682 54011.29254149 27.33 205.982684  65.038257 19.715
 52    48.806 54046.29255457 41.35 206.002631  65.035908 14.992
 52    48.878 54046.29255522 44.29 205.999651  65.039008 14.992
 53    49.362 54081.29254753 23.07 206.006080  65.036311  9.049
 53    49.422 54081.29254817 21.68 206.003100  65.039411  9.049
 54    49.127 54116.29248112 10.98 206.013128  65.039499  3.360
 54    48.932 54116.29248177 10.66 206.010148  65.042609  3.360
 55    49.006 54151.29249790  9.66 205.998199  65.035202  3.287
 55    49.136 54151.29249855  8.12 205.995209  65.038312  3.287
 56    49.185 54186.29247273  7.94 206.013867  65.036490  3.405
 56    49.100 54186.29247337  7.16 206.010877  65.039590  3.405
 56    48.836 54186.29247402  7.34 206.007897  65.042700  3.405
 57    49.283 54221.29250765 37.96 205.993049  65.035183 23.204
 57    49.244 54221.29250829 36.85 205.990059  65.038293 23.204
 58    51.313 54256.29253097 21.50 205.998856  65.037151  8.395
 58    50.508 54256.29253162 23.51 205.995866  65.040261  8.395
 59    51.311 54291.29253251 44.89 206.001179  65.036945 21.459
 59    51.178 54291.29253315 48.69 205.998189  65.040055 21.459
 60    51.628 54326.29252998 52.32 206.003715  65.037509 26.331
 60    51.676 54326.29253062 52.56 206.000725  65.040619 26.331
 61    50.046 54361.29248108 35.44 206.015739  65.037069 16.822
 61    49.977 54361.29248173 27.64 206.012759  65.040169 16.822
 61    50.093 54361.29248237 26.32 206.009769  65.043279 16.822
 62    48.933 54396.29246969 44.56 205.998499  65.035860 20.186
 62    48.936 54396.29247033 42.72 205.995519  65.038960 20.186
 63    49.187 54431.29243142 13.12 206.009388  65.038606  4.669
 63    49.127 54431.29243206 12.14 206.006408  65.041706  4.669
 64    49.269 54466.29245047  8.72 205.995464  65.035452  3.233
 64    49.230 54466.29245111  8.36 205.992484  65.038552  3.233
 65    49.262 54501.29244471  8.21 206.006450  65.037702  2.833
 65    49.119 54501.29244536  7.78 206.003460  65.040812  2.833
 66    49.840 54536.29246551  6.60 206.002136  65.036262  2.926
 66    49.597 54536.29246615  5.75 205.999146  65.039372  2.926
 67    50.576 54571.29244719  2.05 206.010435  65.038891  2.358
 67    50.164 54571.29244784  2.39 206.007455  65.042001  2.358
 68    50.919 54606.29245941 46.64 205.998931  65.035353 25.617
 68    50.869 54606.29246006 46.78 205.995951  65.038453 25.617
 69    50.852 54641.29246869 28.77 206.002711  65.036269 17.271
 69    50.863 54641.29246933 22.93 205.999731  65.039369 17.271
 70    51.963 54676.29247100 44.34 205.998930  65.036543 17.801
 70    52.161 54676.29247165 46.99 205.995950  65.039643 17.801
 71    51.159 54711.29242592 54.15 206.014145  65.036593 26.295
 71    51.308 54711.29242657 52.38 206.011155  65.039693 26.295
 71    51.329 54711.29242721 48.74 206.008175  65.042803 26.295
 72    49.836 54746.29243876 33.69 205.996687  65.035815 17.664
 72    49.770 54746.29243940 24.79 205.993707  65.038915 17.664
 73    50.446 54781.29241137 24.16 206.004184  65.037631  9.910
 73    50.386 54781.29241202 23.83 206.001204  65.040731  9.910
 74    50.306 54816.29243156 11.97 205.996972  65.034366  4.306
 74    50.337 54816.29243220 11.65 205.993992  65.037466  4.306
 74    50.430 54816.29243284 11.37 205.991002  65.040576  4.306
 75    50.454 54851.29240935  4.21 206.006602  65.036877  2.016
 75    50.957 54851.29240999  3.37 206.003612  65.039987  2.016
 76    50.594 54886.29243598  3.28 205.996138  65.036715  1.781
 76    50.568 54886.29243662  2.87 205.993148  65.039825  1.781
 77    51.468 54921.29241035  2.65 206.013006  65.037580  1.898
 77    51.247 54921.29241100  1.86 206.010016  65.040680  1.898
 78    52.000 54956.29243196 33.51 205.994039  65.035774 24.534
 78    52.090 54956.29243261 42.71 205.991049  65.038884 24.534
 79    52.166 54991.29245519 49.73 205.996375  65.036591 30.050
 79    52.151 54991.29245584 51.95 205.993385  65.039701 30.050
 80    50.948 55026.29244616 51.71 206.003473  65.038393 29.406
 80    51.013 55026.29244681 49.30 206.000483  65.041503 29.406
 81    50.011 55061.29243955 51.77 206.000767  65.037502 24.442
 81    49.964 55061.29244019 50.50 205.997787  65.040602 24.442
 82    49.805 55096.29238911 30.24 206.013452  65.038628 11.509
 82    49.908 55096.29238976 30.38 206.010462  65.041728 11.509
 83    48.587 55131.29238212 46.19 205.995938  65.037389 23.066
 83    48.454 55131.29238276 35.38 205.992948  65.040499 23.066
 84    48.949 55166.29235084 17.36 206.007310  65.036090  5.597
 84    48.781 55166.29235149 17.54 206.004330  65.039190  5.597
 84    48.904 55166.29235213 16.30 206.001340  65.042300  5.597
 85    49.445 55201.29237422  9.85 205.995204  65.036887  3.452
 85    49.353 55201.29237486  9.26 205.992214  65.039997  3.452
 86    49.966 55236.29235729  9.16 206.008756  65.036806  3.364
 86    49.826 55236.29235794 10.17 206.005776  65.039916  3.364
 87    49.681 55271.29236851  8.01 205.999365  65.037469  2.861
 87    49.635 55271.29236916  7.06 205.996375  65.040579  2.861
 88    50.026 55306.29233899 33.39 206.014854  65.036965 18.212
 88    49.918 55306.29233963 32.80 206.011874  65.040075 18.212
 88    49.947 55306.29234028 28.90 206.008894  65.043175 18.212
 89    50.046 55341.29233928 50.30 205.998932  65.037837 21.334
 89    49.908 55341.29233992 46.30 205.995952  65.040937 21.334
 90    50.419 55376.29233166 28.03 206.006318  65.036047 14.862
 90    50.543 55376.29233230 35.75 206.003338  65.039147 14.862
 91    52.264 55411.29235475 47.69 205.998070  65.035446 15.953
 91    51.907 55411.29235539 32.34 205.995080  65.038556 15.953
 92    50.536 55446.29234728 23.67 206.004117  65.036243 13.732
 92    50.786 55446.29234792 22.58 206.001127  65.039353 13.732
 93    48.979 55481.29227965 51.37 206.017697  65.038418 24.502
 93    48.935 55481.29228030 51.91 206.014717  65.041528 24.502
