# NaN NaN NaN ;Mean Elev.(m), Avg Gradient(m/km), RMS Gradient(m/km) - SRTM1     
#   10.105   0.205   1.657 ;Mean Elev.(m), Avg Gradient(m/km), RMS Gradient(m/km) - ASTER GDEM
#    0.214   0.345   1.504 ;Mean Elev.(m), Avg Gradient(m/km), RMS Gradient(m/km) - GMTED2010 
 10 195.978305  62.595350     1.994     1.957  5 52567.91894036 19.978
 11 195.966239  62.603905     0.531     0.548  6 52602.91893678 30.321
 12 195.976148  62.594212     1.073     0.759  5 52637.91891068 22.098
 13 195.970173  62.601867     0.607     0.626  5 52672.91891015 20.195
 14 195.976491  62.594305     0.609     0.608  5 52707.91891766 25.077
 15 195.967105  62.602880     1.269     1.275  5 52742.91894715 49.593
 17 195.977212  62.594201     2.495     2.481  5 52812.91896862 24.013
 18 195.977918  62.594153     1.389     1.303  6 52847.91902261 23.922
 19 195.971226  62.600991     2.070     1.782  5 52882.91905782 21.419
 20 195.968270  62.600866    -0.289    -0.588  5 52917.91901472 31.214
 21 195.984305  62.591497     1.497     1.510  6 52952.91897806 26.803
 22 195.977904  62.592701     0.774     0.771  5 52987.91898969 22.617
 23 195.971845  62.598182     0.553     0.492  5 53022.91897677 16.374
 24 195.979964  62.593047     1.254     1.327  5 53057.91897101 15.077
 25 195.963535  62.608852     1.554     1.581  6 53092.91900651 13.288
 26 195.979412  62.591952     0.951     0.954  6 53127.91898010 39.214
 28 195.972170  62.595514     1.642     1.603  5 53197.91904479 27.343
 29 195.975384  62.597261     0.650     0.686  5 53232.91902005 31.386
 30 195.964456  62.609162    -0.533    -0.468  6 53267.91898641 30.055
 31 195.971878  62.598647     0.093     0.067  5 53302.91904458 32.987
 32 195.970717  62.601443     0.625     0.612  5 53337.91901381 23.775
 35 195.964657  62.605379     1.393     1.377  6 53442.91897117 13.599
 36 195.971867  62.597461     1.157     1.212  5 53477.91904548  9.070
 37 195.973069  62.598981     3.940     4.054  5 53512.91905566 19.307
 38 195.966709  62.602408     2.954     2.730  5 53547.91907326 23.161
 39 195.970472  62.601467     1.206     0.575  5 53582.91904120 25.291
 40 195.963164  62.607668    -1.403    -2.108  6 53617.91899614 28.338
 41 195.975262  62.595744     1.051     1.142  5 53652.91901821 26.024
 42 195.968178  62.599389     1.056     0.797  5 53687.91901866 20.973
 43 195.966489  62.603942     1.193     1.185  6 53722.91894300 15.188
 44 195.984917  62.592760     1.809     1.807  6 53757.91888022 10.396
 45 195.971249  62.597037     1.141     1.131  5 53792.91890280 11.068
 46 195.983014  62.590132     2.096     2.045  6 53827.91887205  8.619
 47 195.972923  62.595314     0.627     0.594  5 53862.91895631 42.415
 48 195.973801  62.595703     3.390     3.410  5 53897.91897895 22.938
 49 195.967106  62.605527     2.521     2.496  5 53932.91902444 21.172
 50 195.966363  62.604068     0.410    -0.018  6 53967.91899803 27.003
 51 195.985046  62.591950     1.754     1.815  6 54002.91896720 26.576
 53 195.971461  62.597795     0.808     0.816  5 54072.91899762 23.287
 54 195.963913  62.607612     1.126     1.187  5 54107.91894431 15.685
 55 195.976019  62.595244     1.145     1.186  5 54142.91893335 17.925
 56 195.967024  62.603809     0.349     0.256  5 54177.91892801 18.370
 57 195.974571  62.596542     0.963     0.993  5 54212.91894056 30.911
 58 195.972980  62.596683     1.652     1.655  5 54247.91896913 51.996
 60 195.971753  62.598602     0.868     0.881  5 54317.91897601 25.205
 61 195.967145  62.602132     0.532     0.973  5 54352.91894067 24.256
 62 195.973272  62.595845     1.864     1.772  5 54387.91891627 25.321
 63 195.967348  62.600126     1.291     1.073  5 54422.91889095 17.449
 64 195.979099  62.593635     1.806     1.743  6 54457.91889068 18.663
 65 195.969374  62.600236     1.215     1.215  5 54492.91889403 10.463
 66 195.977615  62.595994     1.525     1.426  5 54527.91890308  6.677
 67 195.966185  62.602304     2.134     2.135  5 54562.91890132  8.429
 68 195.971783  62.596925     1.411     1.366  5 54597.91889856 41.073
 69 195.972216  62.599187     2.992     2.992  5 54632.91891144 21.717
 70 195.970403  62.599180     1.883     1.262  5 54667.91891689 24.355
 71 195.967359  62.600981     2.132     1.790  5 54702.91888244 20.873
 72 195.976825  62.594740     1.047     1.084  5 54737.91887874 28.274
 73 195.970740  62.601377     1.066     1.066  5 54772.91886352 25.384
 74 195.976914  62.594376     1.789     1.660  6 54807.91887241 16.717
 75 195.969841  62.598838     1.163     1.002  5 54842.91886094 11.266
 76 195.973685  62.597604     1.750     1.750  5 54877.91887441  9.829
 77 195.966914  62.605045     2.025     1.878  5 54912.91886453 10.913
 78 195.973049  62.596315     2.058     2.411  5 54947.91886686 18.916
 79 195.970901  62.597934     3.409     3.411  5 54982.91889220 51.255
 80 195.972884  62.599045     2.813     2.827  5 55017.91889046 32.331
 81 195.970101  62.597295     1.356     0.648  5 55052.91888620 28.002
 82 195.966931  62.605233    -0.801    -0.717  5 55087.91884747 29.560
 83 195.974939  62.593815     1.727     1.306  5 55122.91882266 26.365
 84 195.967162  62.600827     0.818     0.865  5 55157.91880907 16.540
 85 195.977731  62.594886     0.871     0.879  5 55192.91881198 27.570
 86 195.966661  62.601137     0.870     0.811  5 55227.91881050 21.463
 87 195.974102  62.597915     1.115     1.110  5 55262.91880712 13.986
 88 195.966833  62.601628     1.673     1.654  5 55297.91879410 16.324
 89 195.970734  62.600472     2.696     2.343  5 55332.91878545 34.417
 90 195.969401  62.598054     2.236     2.151  5 55367.91877804 28.304
 91 195.976458  62.594645     2.087     1.567  5 55402.91879354 21.293
 92 195.971596  62.600339     2.681     2.562  5 55437.91879528 18.154
 93 195.966657  62.604225     1.415     1.532  6 55472.91874363 27.998
