# NaN NaN NaN ;Mean Elev.(m), Avg Gradient(m/km), RMS Gradient(m/km) - SRTM1     
#   27.879  -8.889  30.090 ;Mean Elev.(m), Avg Gradient(m/km), RMS Gradient(m/km) - ASTER GDEM
#   46.685  -8.365  28.311 ;Mean Elev.(m), Avg Gradient(m/km), RMS Gradient(m/km) - GMTED2010 
  6 203.470007  64.660217    41.293    41.293  2 52442.30042243 47.897
  9 203.467186  64.661658    48.956    48.956  2 52547.30039811 42.191
 10 203.478489  64.661556    38.277    38.277  2 52582.30040773 49.537
 11 203.486324  64.661902    42.028    41.635  3 52617.30037987 22.622
 12 203.481982  64.661015    38.987    38.987  2 52652.30035492 14.602
 14 203.478090  64.660977    38.753    38.753  2 52722.30039904  6.961
 20 203.489470  64.662101    37.241    37.241  2 52932.30046263 13.566
 21 203.470580  64.661917    38.068    38.068  2 52967.30046639 19.651
 22 203.474304  64.661606    39.216    39.216  2 53002.30049232 11.033
 23 203.487290  64.662430    38.531    38.531  2 53037.30044127  7.682
 24 203.479043  64.661333    38.167    38.167  2 53072.30046606  5.109
 26 203.473289  64.660706    44.999    44.999  2 53142.30047482 30.418
 27 203.480730  64.660439    46.761    46.761  2 53177.30049919 19.096
 28 203.478627  64.661479    40.417    40.417  2 53212.30051938 49.197
 29 203.486868  64.662938    51.076    51.076  2 53247.30048811 25.665
 30 203.466349  64.659444    38.009    38.009  2 53282.30047679 16.130
 31 203.478167  64.661441    38.107    38.154  3 53317.30048129 25.484
 32 203.491170  64.662067    38.513    38.513  2 53352.30044666 11.447
 33 203.467818  64.660147    38.761    38.761  2 53387.30043836  6.980
 34 203.488395  64.661134    38.054    38.062  3 53422.30043956  5.874
 35 203.470048  64.661824    41.530    41.530  2 53457.30044558  5.279
 39 203.492832  64.661557    43.379    43.379  2 53597.30047907 47.539
 40 203.462358  64.659631    45.894    45.894  2 53632.30047469 37.219
 41 203.472559  64.662611    39.951    39.951  2 53667.30049732 41.978
 42 203.488443  64.662404    39.070    39.070  2 53702.30044341 14.937
 43 203.503355  64.661937    38.732    38.792  3 53737.30035278 13.315
 45 203.494910  64.661658    39.171    39.069  3 53807.30035119  5.955
 51 203.469558  64.661681    47.424    47.424  2 54017.30045671 11.404
 52 203.485655  64.662363    38.837    38.837  2 54052.30045234 27.737
 53 203.487172  64.661241    39.426    39.426  2 54087.30044400 16.490
 54 203.501250  64.662344    38.988    38.988  2 54122.30036794  9.619
 55 203.479615  64.661099    38.042    38.012  3 54157.30040576  8.419
 56 203.495023  64.662514    37.701    37.701  2 54192.30036726  5.438
 59 203.481611  64.662983    42.768    42.768  2 54297.30044173 18.726
 60 203.488655  64.660902    43.127    43.127  2 54332.30043165 46.680
 61 203.494792  64.661180    47.257    47.027  3 54367.30037296 13.635
 62 203.482420  64.662374    38.402    38.402  2 54402.30037482 46.005
 63 203.490049  64.660874    39.303    39.303  2 54437.30033148 11.760
 64 203.476441  64.661594    39.176    39.176  2 54472.30035995  9.060
 65 203.493538  64.661283    38.963    38.963  2 54507.30034301  9.730
 66 203.482193  64.661804    38.159    38.047  3 54542.30037444  7.568
 68 203.482196  64.661737    43.830    43.152  3 54612.30036562 22.407
 72 203.476017  64.661281    41.117    41.117  2 54752.30034543 45.203
 73 203.490035  64.661194    39.338    39.362  3 54787.30031123 22.528
 74 203.474234  64.662604    39.289    39.289  2 54822.30033998 10.936
 75 203.489825  64.661804    38.605    38.605  2 54857.30030744  6.266
 76 203.482110  64.661624    39.492    39.492  2 54892.30034237  5.799
 77 203.493593  64.661522    37.839    37.839  2 54927.30030549  5.923
 78 203.477352  64.660873    46.125    46.125  2 54962.30034173 43.676
 79 203.478956  64.661669    55.253    55.253  2 54997.30036269 14.278
 80 203.481007  64.662235    40.770    40.770  2 55032.30035227 50.263
 83 203.477510  64.662267    38.506    38.506  2 55137.30028746 49.618
 84 203.492316  64.660474    39.220    39.220  2 55172.30024845 14.877
 85 203.476367  64.661319    38.665    38.665  2 55207.30028151  9.759
 86 203.493133  64.661422    37.500    38.098  3 55242.30025341  9.997
 87 203.484427  64.661621    38.039    38.039  2 55277.30027522  7.236
 88 203.492012  64.662231    38.589    38.589  2 55312.30023907 20.181
 90 203.486945  64.660600    43.780    43.780  2 55382.30023621 14.303
 93 203.499057  64.660715    38.220    38.220  2 55487.30016813 47.747
