# NaN NaN NaN ;Mean Elev.(m), Avg Gradient(m/km), RMS Gradient(m/km) - SRTM1     
#  112.760  -0.705   5.023 ;Mean Elev.(m), Avg Gradient(m/km), RMS Gradient(m/km) - ASTER GDEM
#  101.035  -0.659   0.779 ;Mean Elev.(m), Avg Gradient(m/km), RMS Gradient(m/km) - GMTED2010 
  7 212.264524  66.242185    99.720    99.768  8 52470.88226671 42.956
  8 212.262836  66.241751    94.086    94.096  8 52505.88224765 24.466
 10 212.266558  66.241433    98.459    98.411  6 52575.88227717 42.464
 11 212.263161  66.242810    98.953    98.710  8 52610.88223874 26.349
 13 212.268606  66.241247   103.672   103.697  6 52680.88220042 14.444
 15 212.264883  66.257887    99.965   100.332  4 52750.88227590  7.353
 19 212.267602  66.242303   100.093   100.092  7 52890.88237672 46.095
 20 212.261898  66.249819    98.525    98.524  7 52925.88232845 49.800
 22 212.272564  66.243056   102.847   102.729  3 52995.88233485 20.977
 23 212.260945  66.247521   100.277   100.195  7 53030.88229720 15.315
 25 212.265068  66.255027   102.324   102.605  4 53100.88230464 11.044
 28 212.266527  66.241192    99.206    99.238  7 53205.88237267 49.167
 29 212.265631  66.241927    98.953    98.978  8 53240.88234044 52.050
 31 212.269160  66.241741    96.829    96.834  6 53310.88235276 45.823
 32 212.265646  66.242150    98.153    98.131  8 53345.88231880 24.668
 36 212.265630  66.241232    97.124    97.116  7 53485.88237787 20.300
 37 212.271951  66.243591   101.485   101.481  4 53520.88237122 45.636
 38 212.262339  66.243266    99.636    99.614  9 53555.88239546 47.848
 39 212.266273  66.241399    99.476    99.429  7 53590.88233644 36.280
 41 212.273313  66.241728    98.442    98.442  2 53660.88234675 27.892
 42 212.262431  66.242516   100.376   100.275  8 53695.88231797 17.045
 43 212.261584  66.245151   100.158    99.796  9 53730.88224028 15.844
 47 212.274939  66.243030   101.599   101.599  2 53870.88227573 40.678
 48 212.268098  66.240196   100.731   100.726  5 53905.88231292 44.924
 49 212.262313  66.243745    99.528    99.547  9 53940.88234342 32.806
 50 212.260349  66.246221   100.791   100.789  9 53975.88229972 51.662
 53 212.263621  66.243152   100.575   100.140  8 54080.88230873 21.618
 54 212.263907  66.252669    99.596    98.663  5 54115.88224066 21.798
 55 212.271923  66.243177   103.324   103.357  4 54150.88225783 13.280
 56 212.261465  66.248002   101.554   102.164  7 54185.88223346 12.315
 58 212.267783  66.240360   101.271   101.276  6 54255.88229108 39.497
 59 212.272825  66.243401   100.481   100.486  3 54290.88229243 42.972
 60 212.267787  66.240926    99.706    99.692  5 54325.88229064 30.525
 61 212.263613  66.251273    99.410    99.501  5 54360.88224109 46.491
 63 212.263370  66.243993    98.785    98.549  8 54430.88219254 24.017
 65 212.263207  66.240949   102.534   102.567  8 54500.88220588 12.614
 66 212.272776  66.243643   103.771   103.784  3 54535.88222534 12.658
 67 212.261090  66.244512   100.091   100.076  9 54570.88220767  3.727
 68 212.273080  66.243213   100.094   100.040  3 54605.88221925 37.052
 69 212.267102  66.242879   100.128   100.127  7 54640.88222917 46.124
 70 212.266206  66.240197   100.878   100.889  6 54675.88223180 37.105
 71 212.261682  66.243859   100.773   100.774  9 54710.88218705 49.348
 72 212.273316  66.242476    99.323    99.323  2 54745.88219892 42.655
 73 212.265800  66.240819    97.274    97.259  7 54780.88217250 47.916
 75 212.265154  66.243353   102.692   102.789  8 54850.88217015 10.609
 76 212.273162  66.243799   103.945   104.130  3 54885.88219581 12.656
 77 212.263922  66.254206   102.110   102.220  5 54920.88216954  6.707
 78 212.274103  66.241734   100.999   100.999  2 54955.88219147 31.525
 79 212.267063  66.240842   101.183   101.180  6 54990.88221535 46.650
 80 212.264491  66.240368    99.605    99.601  7 55025.88220664 50.076
 81 212.268963  66.242130    99.071    99.073  6 55060.88219970 48.175
 82 212.263951  66.252404    99.397    99.471  6 55095.88214863 27.448
 83 212.273924  66.243557    98.523    98.569  3 55130.88214195 42.702
 84 212.264969  66.241495   101.627   101.731  7 55165.88211261 21.503
 85 212.274644  66.243627   103.933   103.933  2 55200.88213373 17.017
 86 212.261619  66.244292   101.038   100.351  9 55235.88211842 12.494
 87 212.267741  66.240422   102.756   102.886  5 55270.88212899 11.029
 88 212.262405  66.248059    98.976    99.043  7 55305.88209882 29.813
 89 212.272016  66.243270    99.524    99.505  3 55340.88209911 31.303
 90 212.265181  66.241737    99.901    99.906  8 55375.88209246 52.574
 92 212.267424  66.241607    99.724    99.752  6 55445.88210808 41.512
 93 212.263485  66.252472    98.338    98.399  6 55480.88203981 38.320
