# NaN NaN NaN ;Mean Elev.(m), Avg Gradient(m/km), RMS Gradient(m/km) - SRTM1     
#    6.542   0.344   7.225 ;Mean Elev.(m), Avg Gradient(m/km), RMS Gradient(m/km) - ASTER GDEM
#   23.000  -0.916   4.008 ;Mean Elev.(m), Avg Gradient(m/km), RMS Gradient(m/km) - GMTED2010 
  8 200.381867  63.303226    22.769    22.771  4 52486.31209710 50.296
  9 200.383460  63.305946    23.742    23.738  4 52521.31206539 51.318
 11 200.379560  63.298914    20.161    20.181  4 52591.31210715 46.769
 13 200.379423  63.301332    21.109    21.052  3 52661.31207191 12.575
 14 200.373818  63.293670    22.881    22.846  3 52696.31204906 12.139
 15 200.383269  63.305516    22.054    22.354  4 52731.31207773  9.386
 16 200.383628  63.305017    22.658    22.651  4 52766.31208726 36.845
 17 200.373818  63.293827    24.831    24.817  3 52801.31208603 51.029
 18 200.376621  63.297263    23.293    23.311  4 52836.31215309 42.380
 19 200.378843  63.301659    22.930    22.916  4 52871.31219456 35.932
 20 200.382345  63.304256    24.213    24.128  4 52906.31219059 18.517
 23 200.378273  63.301414    21.807    21.803  4 53011.31217338 10.740
 24 200.375122  63.293178    23.453    23.347  3 53046.31213674  6.894
 25 200.378214  63.299467    22.940    22.971  4 53081.31217213  7.083
 26 200.373514  63.291159    20.479    19.685  3 53116.31214131 22.007
 27 200.375706  63.296750    24.903    24.892  4 53151.31219035 47.408
 28 200.381484  63.305347    23.762    23.701  4 53186.31217806 51.129
 29 200.382059  63.304162    22.599    22.587  5 53221.31220416 49.712
 30 200.383213  63.304720    21.600    21.568  4 53256.31218065 46.707
 32 200.381371  63.305593    19.122    19.182  4 53326.31216911 24.036
 33 200.386053  63.308132    21.222    20.135  4 53361.31212694  8.586
 34 200.374671  63.295586    23.012    23.027  3 53396.31214491  8.372
 35 200.384715  63.308357    21.277    21.224  5 53431.31213903  8.529
 36 200.375027  63.293651    23.965    24.072  3 53466.31216814  7.878
 37 200.376540  63.296957    25.757    25.755  3 53501.31222571 49.213
 38 200.382272  63.302047    25.647    25.634  4 53536.31221670 51.810
 39 200.379201  63.298988    23.672    23.667  4 53571.31222357 51.257
 40 200.385705  63.309515    22.905    22.804  4 53606.31217347 39.813
 41 200.374215  63.291680    23.970    24.290  3 53641.31217058 16.970
 42 200.377228  63.297198    20.515    20.491  3 53676.31219081 46.296
 43 200.387240  63.309603    21.265    21.303  5 53711.31212231 15.149
 44 200.372620  63.294508    22.352    22.134  3 53746.31203069 10.470
 45 200.383157  63.302894    22.194    22.293  4 53781.31206314  9.883
 46 200.388422  63.314214    23.113    22.957  5 53816.31203282  5.187
 47 200.373066  63.293294    24.507    24.507  2 53851.31209831  2.076
 48 200.381953  63.305843    26.126    26.115  4 53886.31210825 43.079
 49 200.375216  63.293911    24.804    24.840  3 53921.31217670 51.221
 50 200.377338  63.297019    23.021    23.047  3 53956.31217385 53.215
 52 200.375356  63.295362    22.172    22.134  3 54026.31215881 51.511
 53 200.382650  63.304944    20.481    20.520  4 54061.31215359 23.492
 54 200.385002  63.307322    20.872    20.939  5 54096.31212687 16.824
 55 200.373527  63.294634    22.505    22.852  3 54131.31207323 11.744
 56 200.381404  63.304622    21.393    21.165  4 54166.31209884  9.178
 57 200.375362  63.295549    19.950    20.027  3 54201.31207643 24.426
 58 200.379504  63.299132    22.485    22.500  4 54236.31211325 51.911
 59 200.379880  63.303742    24.286    24.291  4 54271.31213470 47.084
 60 200.380074  63.300227    23.346    23.338  4 54306.31213649 50.540
 61 200.384287  63.305640    23.480    23.544  4 54341.31211876 36.561
 62 200.377333  63.298165    22.445    22.447  4 54376.31207086 52.041
 63 200.379366  63.303225    19.118    19.097  4 54411.31206512 36.749
 64 200.373953  63.295022    20.519    20.546  3 54446.31203465 15.300
 65 200.380968  63.301104    20.237    20.051  4 54481.31205643 11.295
 66 200.375104  63.295863    22.812    22.764  3 54516.31204890  9.070
 67 200.383697  63.304702    22.388    22.530  4 54551.31206995  7.980
 68 200.378165  63.300177    23.677    23.722  4 54586.31204547  4.485
 69 200.380485  63.300386    25.726    25.798  4 54621.31206425 21.883
 70 200.378327  63.301958    24.866    25.054  4 54656.31207459 22.139
 71 200.381149  63.304512    24.028    24.063  4 54691.31205962 51.917
 72 200.375629  63.296829    23.126    22.696  3 54726.31202525 22.236
 73 200.379363  63.302141    21.739    21.754  4 54761.31203594 47.163
 74 200.373384  63.292880    22.124    22.124  2 54796.31201772 21.070
 75 200.380439  63.300610    21.909    21.919  4 54831.31203632 12.706
 76 200.376071  63.294611    22.716    22.387  3 54866.31201327  7.248
 77 200.381243  63.303981    22.066    22.030  4 54901.31203563  9.652
 78 200.377977  63.297516    24.951    25.027  4 54936.31200434  6.659
 79 200.379761  63.299325    27.458    27.458  4 54971.31203734 51.018
 80 200.379905  63.300132    25.776    25.884  4 55006.31205646 19.172
 81 200.379620  63.302456    24.195    24.238  4 55041.31204514 23.536
 82 200.382107  63.305746    23.244    22.773  4 55076.31202671 23.725
 83 200.376904  63.297479    22.463    21.808  3 55111.31197675 22.139
 84 200.380013  63.300837    21.238    21.241  4 55146.31197936 26.791
 85 200.374535  63.293626    21.992    21.641  3 55181.31195430 12.719
 86 200.381738  63.302179    23.343    23.449  4 55216.31197413  9.046
 87 200.377231  63.296879    23.411    23.309  4 55251.31195137 10.945
 88 200.382468  63.304773    23.764    23.770  5 55286.31196836  8.197
 89 200.379196  63.300888    21.871    21.820  3 55321.31194211 25.073
 90 200.381273  63.300588    22.609    22.622  4 55356.31194198 52.383
 91 200.375931  63.297263    23.507    23.481  3 55391.31194254 51.921
 92 200.379850  63.301783    24.928    24.848  4 55426.31195895 18.548
 93 200.384912  63.306574    22.543    22.557  5 55461.31192666 49.722
