# NaN NaN NaN ;Mean Elev.(m), Avg Gradient(m/km), RMS Gradient(m/km) - SRTM1     
#   52.832  -2.167  25.615 ;Mean Elev.(m), Avg Gradient(m/km), RMS Gradient(m/km) - ASTER GDEM
#   49.588  -2.921  23.188 ;Mean Elev.(m), Avg Gradient(m/km), RMS Gradient(m/km) - GMTED2010 
  7 204.128379  64.737333    43.286    43.216  5 52458.29841790 21.360
  8 204.135732  64.738970    43.225    43.198  5 52493.29839702 24.738
 10 204.124153  64.737465    41.703    41.686  5 52563.29841539 44.453
 12 204.117931  64.736214    41.191    41.188  5 52633.29838435 19.988
 13 204.125330  64.737654    42.015    41.614  5 52668.29839988 15.377
 14 204.123670  64.736229    43.864    43.710  5 52703.29837792  6.071
 16 204.142128  64.739080    43.819    43.848  4 52773.29837453 42.367
 17 204.114294  64.736392    43.975    43.957  4 52808.29844024 38.373
 18 204.117753  64.736649    43.693    43.698  4 52843.29849782 23.634
 19 204.122501  64.736277    43.077    43.084  4 52878.29853584 48.039
 20 204.142106  64.739008    41.603    41.621  4 52913.29849389 29.515
 21 204.116982  64.736066    40.439    40.445  4 52948.29845198 43.315
 23 204.134365  64.738213    41.522    41.554  5 53018.29847764 12.430
 24 204.121512  64.736719    41.299    41.016  5 53053.29845983  8.277
 25 204.128589  64.737458    41.355    41.282  4 53088.29849678  6.875
 26 204.120186  64.735862    41.228    41.230  4 53123.29846699 37.200
 27 204.117322  64.736143    45.388    45.382  4 53158.29852487 49.302
 28 204.132269  64.737221    43.483    43.334  5 53193.29851861 27.682
 30 204.136151  64.739746    41.441    41.276  4 53263.29848755 51.919
 31 204.113255  64.735283    40.493    40.412  5 53298.29852778 46.313
 33 204.141588  64.739164    41.189    41.271  5 53368.29844188  9.352
 34 204.123299  64.736323    42.209    41.988  4 53403.29847181  5.949
 35 204.137237  64.738729    43.160    43.075  4 53438.29846037  3.975
 36 204.117744  64.736305    45.767    45.884  4 53473.29851721  3.776
 37 204.126430  64.736132    46.252    45.996  5 53508.29854173 39.098
 38 204.125136  64.737444    44.380    44.390  4 53543.29855267 51.895
 39 204.132955  64.737737    42.992    43.039  5 53578.29853562 35.050
 40 204.135619  64.739202    42.820    42.741  5 53613.29848893 24.358
 41 204.122278  64.736022    42.824    42.816  5 53648.29849430 51.685
 42 204.124939  64.737439    41.383    41.375  4 53683.29850931 24.061
 43 204.138680  64.739994    42.478    42.475  4 53718.29843647 27.138
 44 204.123151  64.737050    42.340    42.291  4 53753.29835749 11.233
 45 204.133998  64.738402    42.722    42.672  4 53788.29838749  7.818
 46 204.113966  64.736384    42.254    41.946  5 53823.29834272  4.976
 47 204.118697  64.736647    42.983    43.131  5 53858.29843505 30.454
 48 204.127770  64.736679    44.140    44.142  4 53893.29844984 52.363
 49 204.118104  64.735428    44.007    43.958  5 53928.29850778 45.865
 50 204.128380  64.736381    43.000    43.059  5 53963.29848952 45.074
 51 204.111102  64.735671    42.605    42.527  4 53998.29843873 50.409
 52 204.124886  64.736175    41.420    41.370  5 54033.29848688 49.640
 54 204.137895  64.738895    42.021    42.113  5 54103.29843917 15.966
 55 204.120633  64.736547    41.448    41.459  5 54138.29841052 10.967
 56 204.133293  64.738751    41.912    41.954  5 54173.29841728  8.531
 57 204.118877  64.736661    41.635    41.671  4 54208.29841641 30.317
 58 204.127474  64.736882    42.147    42.153  4 54243.29844811 42.050
 59 204.126361  64.737715    43.486    43.426  5 54278.29846128 32.701
 60 204.129751  64.738136    43.319    43.339  5 54313.29846142 17.748
 61 204.137861  64.738211    43.088    43.062  4 54348.29843230 51.153
 62 204.123394  64.736042    41.636    41.640  5 54383.29839882 42.924
 63 204.133672  64.738072    42.028    42.075  5 54418.29838173 29.600
 64 204.116971  64.736305    41.968    42.065  4 54453.29836928 21.497
 65 204.130608  64.738112    42.231    42.227  4 54488.29838015 10.975
 66 204.124524  64.736461    42.386    42.157  5 54523.29838218  7.783
 67 204.133556  64.738865    42.295    42.262  4 54558.29839003 11.827
 68 204.125503  64.737490    42.158    42.310  5 54593.29837858 33.857
 69 204.128519  64.737549    43.556    43.549  4 54628.29839332 50.458
 70 204.125136  64.736273    44.011    43.851  5 54663.29840049 46.875
 71 204.136464  64.739450    43.768    43.756  4 54698.29837439 32.936
 72 204.119516  64.736758    42.513    42.512  5 54733.29835807 50.108
 73 204.130400  64.737351    40.871    40.898  5 54768.29835357 39.748
 74 204.118472  64.736660    41.532    41.574  4 54803.29835191 22.193
 75 204.128482  64.737143    40.942    40.897  4 54838.29834710 12.733
 76 204.121688  64.736260    42.891    43.060  4 54873.29835112  7.122
 77 204.134932  64.738913    44.716    44.652  4 54908.29835411  4.911
 78 204.120219  64.735998    46.085    46.372  4 54943.29834413  1.824
 79 204.126760  64.737237    45.161    45.546  5 54978.29837146 20.718
 80 204.128551  64.737539    44.273    44.298  4 55013.29837743 53.051
 81 204.127584  64.737235    42.433    42.391  5 55048.29837036 46.829
 82 204.137966  64.739836    42.949    42.967  4 55083.29834046 52.693
 83 204.122238  64.736394    41.504    41.555  5 55118.29830193 50.362
 84 204.130717  64.737248    41.122    41.416  5 55153.29829866 24.261
 85 204.120160  64.735464    41.967    41.946  5 55188.29829023 13.358
 86 204.129865  64.737662    41.744    41.705  4 55223.29829785 10.040
 87 204.125259  64.737443    41.860    41.839  4 55258.29828627  9.554
 88 204.136416  64.738057    42.106    42.178  4 55293.29828526  7.720
 89 204.124228  64.737774    50.699    50.726  5 55328.29826979 42.222
 90 204.132344  64.738144    42.797    42.801  4 55363.29826474 51.484
 91 204.120124  64.736514    43.649    43.624  5 55398.29827379 51.404
 92 204.130293  64.737366    43.509    43.532  4 55433.29828054 36.138
 93 204.141080  64.739603    41.910    41.961  5 55468.29823772 25.653
