# NaN NaN NaN ;Mean Elev.(m), Avg Gradient(m/km), RMS Gradient(m/km) - SRTM1     
#    0.724   0.035   5.984 ;Mean Elev.(m), Avg Gradient(m/km), RMS Gradient(m/km) - ASTER GDEM
#    8.019  -0.127   0.470 ;Mean Elev.(m), Avg Gradient(m/km), RMS Gradient(m/km) - GMTED2010 
  8 198.696753  61.843304    12.987    13.136  3 52492.31975322 20.377
 12 198.682271  61.836986     8.797     8.814  4 52632.31974017 31.672
 13 198.686262  61.840334     8.207     8.263  5 52667.31975973 18.546
 14 198.686154  61.839677     7.932     7.919  5 52702.31973154 40.986
 15 198.694852  61.839808     7.326     7.391  3 52737.31977292 20.696
 16 198.698790  61.843741    10.601    10.618  4 52772.31974023 51.759
 17 198.681123  61.833165    13.487    13.488  5 52807.31979547 50.803
 18 198.682063  61.837656    11.423    11.426  5 52842.31985487 20.479
 19 198.683703  61.839016    12.462    12.215  5 52877.31989356 16.837
 20 198.700356  61.845397    10.671    10.672  4 52912.31985261 46.692
 21 198.682344  61.836078     8.047     8.018  5 52947.31980838 51.716
 23 198.694702  61.839772     9.194     8.708  3 53017.31984031 13.207
 24 198.683440  61.838345     9.637     9.244  5 53052.31982005 10.188
 25 198.688492  61.839287    11.283    10.958  4 53087.31985684  8.252
 26 198.683267  61.836301     9.573     8.250  5 53122.31982666 31.112
 27 198.681758  61.834697    14.095    14.073  5 53157.31988268 51.454
 28 198.693706  61.839871    11.487    11.493  3 53192.31987608 21.177
 29 198.694848  61.840534    10.296    10.252  3 53227.31987645 44.256
 30 198.694057  61.843114     8.993     9.077  3 53262.31985019 45.170
 31 198.678520  61.833709     9.088     9.103  5 53297.31988553 23.566
 32 198.688984  61.839832     7.477     7.478  4 53332.31985818 38.693
 33 198.699316  61.843676     7.892     7.938  3 53367.31980356 17.173
 34 198.684109  61.839620     9.306     9.282  5 53402.31983158 11.010
 35 198.696103  61.842385    13.143    13.170  3 53437.31982078 11.095
 36 198.681613  61.836256    12.526    12.490  5 53472.31987336  5.291
 37 198.686832  61.838954    14.562    14.559  5 53507.31990320 51.776
 38 198.685772  61.840329    14.308    14.304  5 53542.31991093 49.650
 39 198.691872  61.841647    11.973    11.941  3 53577.31989754 27.636
 40 198.696411  61.840891    10.447    10.316  3 53612.31984965 24.511
 41 198.682460  61.839038    11.860    11.763  5 53647.31985456 37.263
 42 198.686488  61.839368     9.164     9.179  4 53682.31987003 40.125
 43 198.697335  61.844076    12.515    12.463  4 53717.31979798 16.160
 44 198.684970  61.839130     9.358     9.150  4 53752.31971705 13.318
 45 198.694295  61.841836     7.473     7.523  3 53787.31974741 20.116
 46 198.680195  61.833145    11.904    11.703  5 53822.31970056  6.635
 47 198.681943  61.836964     9.121     9.185  4 53857.31979293 16.915
 48 198.689637  61.840434    14.570    14.580  3 53892.31980681 29.325
 49 198.680616  61.834896    13.227    13.214  4 53927.31986618 43.822
 50 198.688449  61.839297    12.909    12.934  4 53962.31985065 33.492
 51 198.678616  61.832743    10.840    10.912  5 53997.31979448 42.409
 52 198.685281  61.839374    10.704    10.722  4 54032.31984647 52.368
 54 198.696433  61.842309    12.118    12.493  4 54102.31980075 11.645
 55 198.682342  61.838922     8.086     8.164  5 54137.31976862 17.844
 56 198.693617  61.841482    11.401    11.317  3 54172.31977781  9.311
 57 198.682035  61.836838    12.416    12.511  5 54207.31977364 17.872
 58 198.688321  61.840340    10.503    10.503  4 54242.31980668 52.235
 59 198.688287  61.839910    12.176    11.829  5 54277.31982053 27.555
 60 198.690132  61.840260    11.536    11.613  3 54312.31982110 24.929
 61 198.696970  61.842598    12.424    11.638  3 54347.31979380 24.638
 62 198.684292  61.838815    10.768    10.744  4 54382.31975814 51.382
 63 198.693895  61.840219     9.929     9.024  3 54417.31974255 25.315
 64 198.682066  61.835830    11.100    11.195  4 54452.31972710 14.472
 65 198.691662  61.839514     8.666     8.641  3 54487.31973982  8.283
 66 198.686240  61.838569    12.507    12.575  5 54522.31974067  9.679
 67 198.693378  61.842412     9.361     7.606  3 54557.31975057  6.732
 68 198.686775  61.839160     7.465     7.462  5 54592.31973704 26.534
 69 198.691645  61.838114    13.326    13.345  3 54627.31975201 51.393
 70 198.685223  61.840071    11.550    11.527  4 54662.31976017 36.946
 71 198.695442  61.842464    12.211    12.276  3 54697.31973562 36.985
 72 198.682025  61.839566    10.486    10.485  5 54732.31971677 48.463
 73 198.690583  61.839613    10.672    10.714  3 54767.31971420 37.576
 74 198.681586  61.837669     9.936     9.840  5 54802.31971021 20.818
 75 198.690840  61.838106    11.691    11.626  3 54837.31970676  8.189
 76 198.683020  61.838391    12.417    12.446  4 54872.31970907  6.440
 77 198.694080  61.842594    13.878    13.921  3 54907.31971491 11.957
 78 198.682826  61.837849    13.149    13.178  5 54942.31970207  7.951
 79 198.687606  61.839387    15.367    15.397  5 54977.31972988 34.376
 80 198.691410  61.838209    13.621    13.628  3 55012.31973723 50.639
 81 198.687521  61.840789    10.500    10.480  4 55047.31973011 42.903
 82 198.696858  61.843148    10.051    10.054  3 55082.31970185 35.491
 83 198.684478  61.838761     9.774     9.817  5 55117.31966151 47.697
 84 198.690769  61.839464     8.479     8.402  3 55152.31965917 19.154
 85 198.682381  61.837563     7.981     7.961  5 55187.31964854 41.510
 86 198.691939  61.838440     8.918     8.055  3 55222.31965765 20.032
 87 198.685825  61.840181     8.604     8.674  4 55257.31964478 19.259
 88 198.696070  61.841154    10.418    10.516  3 55292.31964623 14.238
 89 198.686634  61.838806     9.246     9.258  5 55327.31962886 44.520
 90 198.691778  61.841307    10.881    10.969  3 55362.31962499 25.564
 91 198.682594  61.839085    12.272    12.379  5 55397.31963257 13.826
 92 198.690727  61.839753    12.699    12.774  3 55432.31964013 30.483
 93 198.699102  61.844201    12.274    11.552  3 55467.31959961 20.865
