# NaN NaN NaN ;Mean Elev.(m), Avg Gradient(m/km), RMS Gradient(m/km) - SRTM1     
#    3.209   0.956   4.870 ;Mean Elev.(m), Avg Gradient(m/km), RMS Gradient(m/km) - ASTER GDEM
#    3.566  -0.368   1.686 ;Mean Elev.(m), Avg Gradient(m/km), RMS Gradient(m/km) - GMTED2010 
  7 196.336305  62.076143     5.977     5.784  6 52444.32584003 18.612
  8 196.343013  62.077184     4.034     3.996  6 52479.32583335 46.848
  9 196.363561  62.076993     0.924     0.462  6 52514.32577881 27.051
 11 196.352355  62.078027     3.228     2.813  6 52584.32581175 30.054
 12 196.354150  62.077040     2.148     1.828  6 52619.32578922 35.273
 13 196.349852  62.077361     2.871     3.127  5 52654.32577304 20.979
 14 196.358912  62.076798     3.628     3.059  6 52689.32576861 19.665
 15 196.347569  62.075841     4.677     4.871  6 52724.32581331 23.979
 16 196.345374  62.075998     2.838     2.249  6 52759.32583308 35.461
 17 196.341247  62.076009     5.311     4.556  6 52794.32578801 34.308
 18 196.342913  62.076707     4.483     4.454  5 52829.32585524 45.457
 19 196.349238  62.077203     4.809     4.818  6 52864.32589968 48.529
 20 196.349141  62.078402     5.577     5.261  6 52899.32592909 25.446
 21 196.355951  62.077637     3.290     3.272  6 52934.32587260 33.769
 22 196.341693  62.075944     1.967     1.624  6 52969.32588697 30.219
 23 196.341693  62.077612     3.675     4.044  6 53004.32590650 15.771
 25 196.347729  62.076538     3.658     3.673  6 53074.32588570  8.987
 26 196.329986  62.076062     3.896     3.831  6 53109.32585601 27.641
 27 196.340970  62.076875     5.604     5.180  5 53144.32589688 26.957
 28 196.349571  62.077818     6.249     6.021  6 53179.32591245 22.990
 29 196.345478  62.077258     3.715     3.489  6 53214.32593394 39.922
 30 196.355775  62.078223     4.591     4.565  6 53249.32590356 25.854
 31 196.332618  62.076785     2.233     2.213  6 53284.32589897 43.563
 32 196.348531  62.078806     1.280     1.312  6 53319.32588891 28.866
 33 196.361716  62.077006     3.337     3.434  6 53354.32585533 16.557
 34 196.336083  62.076130     5.668     5.718  6 53389.32585877 16.987
 35 196.356616  62.076579     5.471     5.464  6 53424.32585699 13.630
 36 196.342587  62.077064     4.445     4.194  6 53459.32586256 11.854
 37 196.336488  62.077317     2.862     2.758  6 53494.32594817 31.458
 38 196.355600  62.076081     6.732     6.434  6 53529.32592317 23.902
 39 196.345319  62.078051     5.184     5.154  6 53564.32595422 30.270
 40 196.357769  62.077482     3.758     3.754  7 53599.32589531 45.470
 41 196.333386  62.076571     5.687     5.277  5 53634.32589217 21.408
 42 196.340393  62.077590     5.331     5.412  6 53669.32591373 24.724
 43 196.359111  62.077106     2.758     2.297  6 53704.32585196 24.095
 44 196.371185  62.077152     3.315     3.309  6 53739.32576103 13.414
 45 196.349649  62.076936     4.469     4.312  6 53774.32578033 12.145
 46 196.362388  62.077884     4.245     4.439  7 53809.32576432  7.680
 48 196.346059  62.077400     5.205     5.248  6 53879.32583530 38.290
 49 196.339231  62.077320     5.465     5.238  5 53914.32589101 28.536
 50 196.341612  62.077113     5.770     5.542  6 53949.32590194 29.101
 51 196.355481  62.077648     5.495     5.194  7 53984.32584043 31.182
 52 196.340353  62.077059     3.749     3.597  6 54019.32587499 44.595
 53 196.354040  62.078369     1.718     1.769  6 54054.32586541 32.615
 54 196.356406  62.076576     1.649     1.609  6 54089.32585582 15.251
 55 196.336914  62.077237     2.946     2.622  6 54124.32578054 20.666
 56 196.348066  62.076343     5.119     5.268  6 54159.32582165 10.435
 57 196.337349  62.077728     3.963     4.195  6 54194.32578310 21.085
 58 196.345442  62.077696     3.872     3.631  6 54229.32583443 44.574
 59 196.346771  62.076907     5.488     5.179  6 54264.32585241 24.554
 60 196.349037  62.077291     5.009     4.438  6 54299.32585592 22.921
 61 196.355119  62.076277     4.757     4.772  6 54334.32584590 42.328
 63 196.351072  62.076992     2.826     2.926  6 54404.32578994 47.743
 64 196.333127  62.076991     5.312     5.286  5 54439.32574774 22.066
 65 196.346936  62.076809     2.865     2.934  6 54474.32577652 14.320
 66 196.337820  62.076714     4.085     4.205  5 54509.32576016 10.173
 67 196.350756  62.076766     4.049     4.159  6 54544.32579081 10.114
 68 196.344676  62.078234     3.866     3.381  6 54579.32575973 24.173
 69 196.351075  62.076008     6.435     6.010  6 54614.32578071 27.473
 70 196.345196  62.075858     4.659     4.596  6 54649.32579047 41.036
 71 196.352559  62.078025     4.883     4.900  6 54684.32578760 28.722
 72 196.338158  62.076785     5.050     4.701  5 54719.32573525 29.017
 73 196.345475  62.077915     3.001     3.019  6 54754.32576120 45.992
 74 196.336078  62.077080     2.827     2.794  6 54789.32572872 24.168
 75 196.344066  62.077129     5.074     5.131  5 54824.32575669 10.037
 76 196.338754  62.075916     6.095     6.071  6 54859.32572150  9.193
 77 196.349536  62.077871     5.992     5.957  6 54894.32575824  8.820
 78 196.336596  62.077652     6.351     6.366  6 54929.32572159  8.530
 79 196.346631  62.076940     5.252     4.898  6 54964.32575841 33.297
 80 196.345834  62.077316     8.513     6.470  6 54999.32577876 16.504
 81 196.346362  62.075955     5.884     5.822  6 55034.32576547 22.125
 82 196.355174  62.077531     4.766     5.242  7 55069.32575492 26.723
 83 196.336479  62.076836     3.072     3.256  5 55104.32569547 25.463
 84 196.347349  62.078475     1.943     1.974  6 55139.32570256 37.462
 85 196.336883  62.077225     2.141     2.166  6 55174.32566317 32.160
 86 196.344604  62.078233     3.520     3.611  6 55209.32569779 19.277
 87 196.338848  62.076915     5.228     5.288  6 55244.32566891 15.508
 88 196.351150  62.077688     4.181     4.198  6 55279.32569130 11.274
 89 196.345401  62.076977     4.001     3.195  5 55314.32565581 18.012
 90 196.352115  62.077210     5.691     5.829  6 55349.32566222 18.991
 91 196.338156  62.077472     3.680     3.703  6 55384.32565504 37.092
 92 196.347171  62.076529     5.931     5.732  6 55419.32568100 19.098
 93 196.356191  62.077812     4.510     4.483  6 55454.32565938 45.369
 94 196.364061  62.077757     2.113     2.110  6 55489.32557875 50.685
