# NaN NaN NaN ;Mean Elev.(m), Avg Gradient(m/km), RMS Gradient(m/km) - SRTM1     
#   11.605  -0.357   3.159 ;Mean Elev.(m), Avg Gradient(m/km), RMS Gradient(m/km) - ASTER GDEM
#    0.000  -0.965   2.245 ;Mean Elev.(m), Avg Gradient(m/km), RMS Gradient(m/km) - GMTED2010 
  7 196.144833  62.318380     3.796     3.703  6 52444.32588967 16.833
  8 196.149047  62.322567     3.210     2.723  6 52479.32588363 19.674
  9 196.157157  62.338109    -1.393    -1.276  8 52514.32583232 44.740
 11 196.152116  62.331266     2.337     1.846  7 52584.32586364 31.448
 12 196.152767  62.331870     1.120     1.121  8 52619.32584143 38.167
 13 196.150817  62.329017     1.063     1.063  7 52654.32582461 23.527
 14 196.155037  62.334773     0.954     0.940  8 52689.32582147 21.629
 15 196.149840  62.325941     0.666     0.661  7 52724.32586457 29.003
 16 196.150253  62.322964     5.066     5.404  7 52759.32588369 26.600
 17 196.147174  62.321377     3.152     3.166  6 52794.32583829 41.337
 18 196.148837  62.322076     4.671     4.575  7 52829.32590553 19.326
 19 196.151445  62.327296     3.400     3.399  7 52864.32595093 51.469
 20 196.151440  62.328509     3.445     3.347  7 52899.32598034 23.435
 21 196.154579  62.332474     3.861     3.862  8 52934.32592482 20.972
 22 196.147672  62.321310     1.010     1.021  6 52969.32593725 32.543
 23 196.147730  62.322988     1.288     1.275  6 53004.32595679 17.589
 25 196.150037  62.326636     1.112     0.976  7 53074.32593695 13.805
 26 196.140917  62.315134     2.485     1.338  8 53109.32590501 31.680
 27 196.148206  62.320680     3.347     3.304  6 53144.32594684 28.355
 28 196.151831  62.327916     4.438     4.336  7 53179.32596370 17.647
 29 196.150253  62.324211     2.319     2.290  7 53214.32598454 50.439
 30 196.154369  62.333050     2.056     2.057  8 53249.32595578 36.884
 31 196.142303  62.317433     1.538     1.555  7 53284.32594829 50.873
 32 196.150745  62.328898     0.451     0.459  7 53319.32594016 31.185
 33 196.155307  62.338121     0.809     0.825  8 53354.32590883 24.177
 34 196.144517  62.318349     1.098     1.058  6 53389.32590841 21.614
 35 196.153909  62.332969     1.920     2.051  7 53424.32590953 14.461
 36 196.148512  62.322426     1.389     0.990  6 53459.32591285 14.048
 37 196.144987  62.319550     1.710     1.249  6 53494.32599781 30.306
 38 196.152877  62.332479     4.464     4.517  7 53529.32597571 37.546
 39 196.150133  62.325017     3.692     4.045  7 53564.32600483 30.401
 40 196.155104  62.333879     2.396     2.383  8 53599.32594786 22.733
 41 196.144323  62.315648     3.111     2.641  7 53634.32594116 23.070
 42 196.147653  62.321391     4.460     4.404  7 53669.32596369 21.463
 43 196.155178  62.335070     1.554     1.546  8 53704.32590483 21.817
 44 196.159866  62.344570     2.498     2.619  8 53739.32581582 13.069
 45 196.151879  62.327028     2.401     2.769  7 53774.32583159 10.969
 46 196.156004  62.339006     1.424     1.390  9 53809.32581783 16.085
 48 196.150781  62.324347     3.858     3.488  7 53879.32588591 36.422
 49 196.146489  62.321134     3.800     3.667  6 53914.32594097 17.512
 50 196.147669  62.322508     3.716     3.277  6 53949.32595223 19.332
 51 196.152826  62.334050     3.245     3.186  8 53984.32589297 35.495
 52 196.147544  62.320860     2.684     2.702  7 54019.32592495 26.153
 53 196.153769  62.331605     0.924     0.917  7 54054.32591731 33.212
 54 196.153743  62.332970     1.517     1.510  7 54089.32590836 18.391
 55 196.145324  62.319457     1.441     1.459  6 54124.32583018 14.870
 56 196.150350  62.326443     0.740     0.739  7 54159.32587290 26.076
 57 196.145772  62.319942     0.778     0.624  6 54194.32583274 31.010
 58 196.150188  62.324649     2.431     2.464  7 54229.32588504 35.522
 59 196.151527  62.323866     4.436     4.316  7 54264.32590302 19.593
 60 196.151300  62.327390     2.650     2.517  7 54299.32590717 17.363
 61 196.152442  62.332673     2.920     2.822  7 54334.32589844 32.214
 63 196.150864  62.330239     2.250     2.246  7 54404.32584184 49.478
 64 196.144025  62.316061     2.955     3.004  7 54439.32579673 23.987
 65 196.151683  62.323757     1.464     1.393  7 54474.32582712 19.771
 66 196.146246  62.318929     1.684     1.714  7 54509.32580980 16.422
 67 196.151799  62.328436     1.076     1.023  6 54544.32584239 13.370
 68 196.149408  62.325184     0.953     0.958  7 54579.32581034 43.793
 69 196.150859  62.329260     4.517     4.510  7 54614.32583260 41.665
 70 196.149962  62.322808     3.127     3.218  7 54649.32584108 31.563
 71 196.152364  62.331276     3.515     3.259  7 54684.32583949 22.885
 72 196.146574  62.319009     3.155     2.910  7 54719.32578489 25.237
 73 196.150225  62.324861     1.996     1.964  7 54754.32581181 46.112
 74 196.144509  62.319292     1.668     1.682  6 54789.32577836 22.725
 75 196.150048  62.322502     3.188     3.352  7 54824.32580698 10.966
 76 196.145928  62.319706     3.483     3.511  7 54859.32577146  9.687
 77 196.151835  62.327966     4.236     4.142  7 54894.32580949 10.425
 78 196.145028  62.319870     3.836     3.802  6 54929.32577123  9.490
 79 196.151397  62.323900     4.111     3.402  7 54964.32580902 28.304
 80 196.150612  62.324273     4.711     4.733  7 54999.32582936 21.355
 81 196.151125  62.322904     3.390     3.011  7 55034.32581607 24.227
 82 196.153750  62.332361     2.994     3.268  7 55069.32580714 23.543
 83 196.144909  62.319059     2.614     2.252  7 55104.32574511 31.210
 84 196.152117  62.325419     1.285     1.303  7 55139.32575317 39.155
 85 196.145291  62.319441     1.675     1.679  6 55174.32571281 35.532
 86 196.149338  62.325181     1.689     1.365  7 55209.32574840 20.309
 87 196.147301  62.319132     2.761     2.676  6 55244.32571855 16.246
 88 196.152204  62.329359     1.879     1.829  8 55279.32574287 11.190
 89 196.150152  62.323936     4.413     4.432  6 55314.32570642 10.880
 90 196.151912  62.330463     4.487     4.524  7 55349.32571412 22.607
 91 196.146597  62.319695     2.412     2.404  6 55384.32570468 46.776
 92 196.151930  62.323480     3.693     3.737  7 55419.32573161 24.190
 93 196.154775  62.332644     3.035     3.097  8 55454.32571160 46.694
 94 196.156461  62.340454     1.309     1.283  9 55489.32563258 50.105
