# NaN NaN NaN ;Mean Elev.(m), Avg Gradient(m/km), RMS Gradient(m/km) - SRTM1     
#   50.484 -29.740  46.226 ;Mean Elev.(m), Avg Gradient(m/km), RMS Gradient(m/km) - ASTER GDEM
#   44.157 -31.752  65.066 ;Mean Elev.(m), Avg Gradient(m/km), RMS Gradient(m/km) - GMTED2010 
  7 205.164058  64.892428    56.286    56.286  2 52447.89852621  9.028
  8 205.173130  64.901499    50.662    50.875  3 52482.89851318 41.613
  9 205.163842  64.893387    51.535    50.479  3 52517.89847193 38.941
 10 205.185017  64.900877    52.762    52.212  9 52552.89851962 20.265
 11 205.178556  64.900442    49.429    49.504  8 52587.89849934 33.961
 13 205.184106  64.900535    47.009    46.941  9 52657.89847091 15.557
 15 205.182439  64.899867    47.501    47.304  9 52727.89849370  6.408
 16 205.149363  64.892407    47.407    47.421  4 52762.89850934 31.459
 17 205.202168  64.904711    57.872    57.837  7 52797.89847390 21.742
 18 205.199289  64.902586    54.568    54.264  8 52832.89854537 15.928
 19 205.189985  64.900225    54.013    53.100  9 52867.89858876 14.934
 20 205.171544  64.897602    52.463    51.831  6 52902.89860678 19.916
 21 205.155000  64.892388    47.596    48.401  3 52937.89854629 27.831
 22 205.183047  64.899762    47.372    47.237  9 52972.89857708 20.111
 23 205.166633  64.894305    46.269    46.141  5 53007.89858798 14.258
 24 205.188980  64.900087    52.429    52.557  9 53042.89854234  7.537
 25 205.161842  64.891662    47.277    47.225  3 53077.89857795  9.172
 26 205.187447  64.901844    50.002    49.178  9 53112.89854570 20.311
 28 205.186225  64.900630    52.253    52.069  9 53182.89859067 40.717
 29 205.177489  64.900827    54.544    53.709  7 53217.89861501 17.313
 30 205.154526  64.892002    51.007    51.155  4 53252.89859508 21.780
 31 205.185276  64.900328    51.730    50.603  9 53287.89859271 19.278
 32 205.187672  64.901336   377.956   378.089  9 53322.89856843 14.920
 33 205.168237  64.893612    52.539    52.461  4 53357.89853550 10.878
 34 205.190427  64.901039    53.350    53.599  9 53392.89854884  9.125
 35 205.184999  64.910145    51.877    51.877  2 53427.89854214 12.590
 36 205.193932  64.900311    52.856    52.738 10 53462.89856167 10.616
 37 205.168824  64.894928    52.257    51.929  5 53497.89863502 45.465
 39 205.162416  64.893564    53.139    52.639  3 53567.89863663 14.785
 40 205.162267  64.892810    49.228    48.952  3 53602.89858203 21.107
 41 205.180526  64.894040    58.504    58.426  5 53637.89857929 17.340
 42 205.173809  64.897899    48.514    48.601  6 53672.89859944 35.461
 43 205.169707  64.894981    47.321    47.160  5 53707.89853159 26.809
 44 205.153709  64.891096    46.881    46.572  3 53742.89844402 13.431
 45 205.187696  64.901184    46.957    46.950  9 53777.89846764 12.171
 46 205.155747  64.890937    47.539    47.505  3 53812.89844616  8.264
 47 205.186526  64.901091    48.042    48.025  9 53847.89849838  4.229
 49 205.163151  64.891923    52.621    52.989  3 53917.89858234 18.476
 50 205.160170  64.892163    51.608    50.943  4 53952.89858596 37.292
 52 205.189969  64.900272    55.096    55.234 10 54022.89856309 29.344
 53 205.189112  64.900836    47.100    47.025  9 54057.89855554 19.760
 54 205.160242  64.892072    47.402    47.506  3 54092.89853911 19.285
 55 205.195871  64.901267    46.755    46.656 10 54127.89847266 15.107
 56 205.171819  64.897156    52.015    52.717  6 54162.89850710  8.942
 57 205.189131  64.900370    48.958    48.952 10 54197.89847554  9.722
 58 205.189442  64.906129    51.735    51.991  6 54232.89851826 22.874
 59 205.181192  64.901265    52.474    52.501  8 54267.89853802 12.371
 60 205.181820  64.901759    51.202    51.041  8 54302.89854198 39.741
 61 205.169886  64.895273    49.869    49.447  5 54337.89852928 41.588
 62 205.188415  64.901930    52.566    52.786  9 54372.89847489 19.653
 63 205.180221  64.904448    47.335    47.356  4 54407.89847279 37.295
 64 205.200824  64.905615    47.154    47.119  6 54442.89843430 12.928
 65 205.181596  64.901208    46.745    46.746  8 54477.89846240 12.180
 66 205.194112  64.900715    47.313    47.192 10 54512.89845060 11.687
 67 205.172195  64.897953    47.394    46.193  6 54547.89847703 11.555
 68 205.183723  64.900890    48.802    48.782  9 54582.89844635 10.856
 69 205.181626  64.900710    51.975    51.329  9 54617.89846712 41.249
 70 205.177016  64.899131    51.075    50.606  7 54652.89847963 24.971
 71 205.169076  64.895710    51.342    51.135  5 54687.89847016 44.027
 72 205.193505  64.899973    51.449    50.804  9 54722.89842618 17.348
 73 205.174040  64.897408    47.470    47.602  6 54757.89844547 41.178
 74 205.192453  64.900139    47.256    47.402  9 54792.89841979 25.689
 75 205.182380  64.900635    47.357    46.507  9 54827.89844259 13.271
 76 205.190989  64.900564    50.160    50.307 10 54862.89841372  5.032
 77 205.170382  64.896294    50.191    50.354  6 54897.89844391  5.841
 78 205.187335  64.901259    48.085    48.107  9 54932.89840875 10.073
 79 205.180782  64.900805    50.819    50.545  8 54967.89844350 49.741
 80 205.174274  64.896993    52.170    51.534  6 55002.89846440 37.562
 81 205.181384  64.900983    51.927    52.037  9 55037.89845007 39.055
 82 205.170140  64.898236    50.816    49.191  4 55072.89843679 25.373
 83 205.190663  64.901328    48.465    47.906  9 55107.89838211 31.471
 84 205.171026  64.896091    51.705    50.170  6 55142.89838852 27.630
 85 205.197008  64.902114    46.646    46.622  9 55177.89835361 18.214
 86 205.179334  64.901164    45.932    45.894  9 55212.89838190 14.162
 87 205.188303  64.900533    47.746    47.850 10 55247.89835550 11.110
 88 205.169720  64.896261    47.144    47.079  5 55282.89837677  9.165
 89 205.178075  64.900700    48.521    47.449  7 55317.89834508 27.391
 90 205.172166  64.896581    51.895    51.421  6 55352.89834916 41.219
 91 205.188885  64.900892    51.061    50.232  9 55387.89834483 32.003
