#   50.606 -29.740  46.226 ;Mean Elev.(m), Avg Gradient(m/km), RMS Gradient(m/km)
  7    55.410 52447.89852589  7.14 205.165533  64.893983 15.399
  7    57.161 52447.89852654 10.34 205.162583  64.890873 15.399
  8    51.586 52482.89851082 12.07 205.183973  64.912896 30.234
  8    50.875 52482.89851404 42.04 205.169183  64.897356 30.234
  8    49.526 52482.89851469 44.39 205.166233  64.894246 30.234
  9    50.366 52517.89847129 40.60 205.166795  64.896497 29.973
  9    53.760 52517.89847193 36.07 205.163845  64.893387 29.973
  9    50.479 52517.89847258 39.02 205.160885  64.890277 29.973
 10    57.350 52552.89851704 15.64 205.196855  64.913308 12.069
 10    56.641 52552.89851768 16.45 205.193895  64.910198 12.069
 10    53.797 52552.89851833 16.67 205.190935  64.907088 12.069
 10    51.797 52552.89851897 17.42 205.187975  64.903988 12.069
 10    51.030 52552.89851962 18.52 205.185015  64.900878 12.069
 10    51.420 52552.89852026 21.26 205.182055  64.897768 12.069
 10    49.987 52552.89852091 25.69 205.179095  64.894658 12.069
 10    51.993 52552.89852155 19.99 205.176145  64.891558 12.069
 10    50.840 52552.89852219 19.95 205.173185  64.888448 12.069
 11    50.033 52587.89849708 37.07 205.188903  64.911322 15.014
 11    50.470 52587.89849772 39.90 205.185953  64.908212 15.014
 11    49.719 52587.89849837 35.52 205.182993  64.905102 15.014
 11    49.687 52587.89849901 27.08 205.180033  64.901992 15.014
 11    49.555 52587.89849966 24.28 205.177073  64.898892 15.014
 11    48.759 52587.89850030 23.87 205.174123  64.895782 15.014
 11    48.232 52587.89850095 23.93 205.171163  64.892672 15.014
 11    48.975 52587.89850159 23.33 205.168213  64.889562 15.014
 13    47.401 52657.89846833 13.97 205.195937  64.912963  9.448
 13    47.107 52657.89846897 14.01 205.192977  64.909863  9.448
 13    46.957 52657.89846962 14.23 205.190017  64.906753  9.448
 13    46.384 52657.89847026 15.44 205.187067  64.903643  9.448
 13    46.289 52657.89847091 16.58 205.184107  64.900533  9.448
 13    46.702 52657.89847155 16.80 205.181147  64.897423  9.448
 13    46.924 52657.89847219 16.72 205.178187  64.894323  9.448
 13    47.229 52657.89847284 15.83 205.175237  64.891213  9.448
 13    48.084 52657.89847348 15.23 205.172277  64.888103  9.448
 15    47.423 52727.89849113  7.11 205.194269  64.912293  7.531
 15    46.400 52727.89849177  5.84 205.191309  64.909193  7.531
 15    46.317 52727.89849242  6.10 205.188349  64.906083  7.531
 15    46.909 52727.89849306  6.81 205.185399  64.902973  7.531
 15    47.436 52727.89849370  6.54 205.182439  64.899863  7.531
 15    48.039 52727.89849435  6.29 205.179479  64.896763  7.531
 15    48.345 52727.89849499  5.67 205.176529  64.893653  7.531
 15    48.130 52727.89849564  6.39 205.173569  64.890543  7.531
 15    48.509 52727.89849628  6.72 205.170609  64.887433  7.531
 16    47.666 52762.89850837 27.75 205.153793  64.897072 26.114
 16    47.506 52762.89850902 34.06 205.150843  64.893962 26.114
 16    47.335 52762.89850966 31.91 205.147883  64.890852 26.114
 16    47.119 52762.89851031 29.55 205.144933  64.887742 26.114
 17    56.580 52797.89847196 29.37 205.211048  64.914031 23.754
 17    59.701 52797.89847261 17.81 205.208088  64.910921 23.754
 17    60.075 52797.89847325 13.27 205.205128  64.907821 23.754
 17    59.039 52797.89847390 13.90 205.202168  64.904711 23.754
 17    59.159 52797.89847454 13.15 205.199208  64.901601 23.754
 17    55.511 52797.89847519 13.98 205.196248  64.898491 23.754
 17    55.041 52797.89847583 14.57 205.193288  64.895391 23.754
 18    60.389 52832.89854311 18.05 205.209653  64.913458  9.675
 18    57.716 52832.89854376 10.90 205.206688  64.910353 17.691
 18    55.700 52832.89854440 11.02 205.203728  64.907243 17.691
 18    52.900 52832.89854505 12.16 205.200768  64.904143 17.691
 18    52.232 52832.89854569 12.90 205.197808  64.901033 17.691
 18    52.193 52832.89854633 14.79 205.194848  64.897923 17.691
 18    52.479 52832.89854698 17.78 205.191888  64.894823 17.691
 18    52.938 52832.89854762 19.93 205.188938  64.891713 17.691
 19    61.608 52867.89858618 12.78 205.201816  64.912653 21.981
 19    58.898 52867.89858683 11.55 205.198856  64.909553 21.981
 19    54.933 52867.89858747 12.64 205.195896  64.906443 21.981
 19    53.183 52867.89858812 13.95 205.192946  64.903333 21.981
 19    52.179 52867.89858876 14.27 205.189986  64.900223 21.981
 19    52.182 52867.89858941 14.59 205.187026  64.897113 21.981
 19    50.904 52867.89859005 15.85 205.184066  64.894013 21.981
 19    51.002 52867.89859070 17.32 205.181116  64.890903 21.981
 19    51.230 52867.89859134 17.48 205.178156  64.887793 21.981
 20    57.259 52902.89860388 16.79 205.184848  64.911586 12.423
 20    55.579 52902.89860453 16.22 205.181897  64.908483 19.458
 20    51.686 52902.89860646 19.47 205.173017  64.899153 19.458
 20    50.826 52902.89860711 20.24 205.170067  64.896043 19.458
 20    50.277 52902.89860775 20.59 205.167107  64.892943 19.458
 20    49.154 52902.89860840 22.79 205.164157  64.889833 19.458
 21    48.401 52937.89854565 24.71 205.157957  64.895498 19.630
 21    48.708 52937.89854629 25.23 205.154997  64.892388 19.630
 21    45.677 52937.89854694 30.76 205.152047  64.889278 19.630
 22    46.317 52972.89857450 15.82 205.194877  64.912188 11.670
 22    46.814 52972.89857514 21.05 205.191917  64.909088 11.670
 22    49.757 52972.89857579 25.94 205.188967  64.905978 11.670
 22    48.459 52972.89857643 16.75 205.186007  64.902868 11.670
 22    46.309 52972.89857708 16.30 205.183047  64.899758 11.670
 22    46.311 52972.89857772 17.74 205.180087  64.896658 11.670
 22    46.708 52972.89857837 18.80 205.177127  64.893548 11.670
 22    47.662 52972.89857901 18.27 205.174177  64.890438 11.670
 22    48.010 52972.89857966 18.61 205.171217  64.887328 11.670
 23    47.389 53007.89858411  8.81 205.184381  64.912949  7.589
 23    45.856 53007.89858733 13.44 205.169587  64.897409  8.788
 23    45.841 53007.89858798 15.12 205.166627  64.894309  8.788
 23    45.933 53007.89858862 15.25 205.163677  64.891199  8.788
 23    46.326 53007.89858927 15.75 205.160717  64.888089  8.788
 24    52.653 53042.89853976  5.69 205.200820  64.912512  6.630
 24    50.512 53042.89854041  5.60 205.197859  64.909407 11.837
 24    52.250 53042.89854105  6.20 205.194899  64.906297 11.837
 24    51.882 53042.89854170  7.25 205.191939  64.903197 11.837
 24    52.557 53042.89854234  7.84 205.188979  64.900087 11.837
 24    52.044 53042.89854299  8.19 205.186019  64.896977 11.837
 24    53.768 53042.89854363  8.55 205.183059  64.893877 11.837
 24    52.333 53042.89854427  8.55 205.180109  64.890767 11.837
 24    53.866 53042.89854492  8.59 205.177149  64.887657 11.837
 25    47.590 53077.89857730  8.62 205.164799  64.894772  5.623
 25    47.015 53077.89857795  9.13 205.161839  64.891662  5.623
 25    47.225 53077.89857859  9.70 205.158889  64.888552  5.623
 26    56.664 53112.89854312 12.75 205.199282  64.914271  7.326
 26    55.646 53112.89854377 11.76 205.196324  64.911167 21.738
 26    47.576 53112.89854441 13.29 205.193364  64.908057 21.738
 26    48.396 53112.89854505 15.64 205.190404  64.904957 21.738
 26    48.501 53112.89854570 17.82 205.187444  64.901847 21.738
 26    48.623 53112.89854634 22.96 205.184484  64.898737 21.738
 26    48.665 53112.89854699 24.64 205.181524  64.895627 21.738
 26    47.517 53112.89854763 23.76 205.178574  64.892527 21.738
 26    48.426 53112.89854828 19.45 205.175614  64.889417 21.738
 28    53.573 53182.89858809 36.92 205.198060  64.913061 14.194
 28    53.273 53182.89858874 39.01 205.195100  64.909951 14.194
 28    54.362 53182.89858938 37.53 205.192141  64.906850 28.495
 28    53.079 53182.89859003 31.46 205.189181  64.903740 28.495
 28    52.534 53182.89859067 34.08 205.186221  64.900630 28.495
 28    51.566 53182.89859132 33.96 205.183261  64.897520 28.495
 28    51.317 53182.89859196 42.02 205.180311  64.894410 28.495
 28    50.561 53182.89859260 45.11 205.177351  64.891310 28.495
 28    50.016 53182.89859325 45.16 205.174401  64.888200 28.495
 29    61.248 53217.89861243 16.66 205.189326  64.913256 10.372
 29    58.019 53217.89861307 13.90 205.186361  64.910145 23.881
 29    56.583 53217.89861372 14.66 205.183401  64.907045 23.881
 29    52.523 53217.89861501 18.07 205.177491  64.900825 23.881
 29    52.276 53217.89861565 16.91 205.174531  64.897715 23.881
 29    50.602 53217.89861630 18.58 205.171571  64.894615 23.881
 29    50.560 53217.89861694 19.62 205.168621  64.891505 23.881
 30    51.353 53252.89859412 21.95 205.158956  64.896659 17.391
 30    51.423 53252.89859476 20.81 205.156006  64.893559 17.391
 30    50.297 53252.89859541 21.91 205.153046  64.890449 17.391
 30    50.957 53252.89859605 22.31 205.150096  64.887339 17.391
 31    58.483 53287.89859013 13.32 205.197121  64.912757 17.238
 31    54.394 53287.89859078 14.76 205.194151  64.909647 17.238
 31    51.440 53287.89859142 17.46 205.191191  64.906547 17.238
 31    51.170 53287.89859207 19.43 205.188231  64.903437 17.238
 31    50.603 53287.89859271 22.38 205.185271  64.900327 17.238
 31    49.764 53287.89859336 21.20 205.182321  64.897217 17.238
 31    49.453 53287.89859400 20.54 205.179361  64.894117 17.238
 31    50.209 53287.89859465 18.70 205.176401  64.891007 17.238
 31    50.053 53287.89859529 18.76 205.173441  64.887897 17.238
 32   378.376 53322.89856585 13.89 205.199503  64.913770 13.723
 32   378.580 53322.89856650 14.17 205.196543  64.910660 13.723
 32   378.459 53322.89856714 15.32 205.193583  64.907550 13.723
 32   377.586 53322.89856779 15.48 205.190626  64.904439 13.763
 32   377.920 53322.89856843 14.60 205.187666  64.901339 13.763
 32   378.002 53322.89856908 15.00 205.184716  64.898229 13.763
 32   377.761 53322.89856972 15.24 205.181756  64.895119 13.763
 32   377.648 53322.89857036 15.73 205.178806  64.892009 13.763
 32   377.272 53322.89857101 14.49 205.175846  64.888909 13.763
 33    52.383 53357.89853453 12.03 205.172667  64.898270 15.518
 33    51.206 53357.89853518 11.16 205.169717  64.895170 15.518
 33    52.539 53357.89853582 10.61 205.166757  64.892060 15.518
 33    54.028 53357.89853647  9.26 205.163807  64.888950 15.518
 34    51.714 53392.89854626  6.97 205.202267  64.913466  8.864
 34    53.056 53392.89854690  8.56 205.199305  64.910361 14.014
 34    53.176 53392.89854755  8.28 205.196345  64.907251 14.014
 34    53.876 53392.89854819  8.09 205.193385  64.904151 14.014
 34    52.899 53392.89854884  8.76 205.190425  64.901041 14.014
 34    52.860 53392.89854948  8.64 205.187465  64.897931 14.014
 34    54.509 53392.89855013  9.88 205.184505  64.894821 14.014
 34    53.615 53392.89855077 10.82 205.181555  64.891721 14.014
 34    54.443 53392.89855142 10.65 205.178595  64.888611 14.014
 35    51.383 53427.89854182 12.53 205.186479  64.911695 17.974
 35    52.371 53427.89854246 12.65 205.183519  64.908595 17.974
 36    52.437 53462.89855876  9.58 205.207248  64.914291 12.607
 36    53.261 53462.89855941 11.84 205.204288  64.911191 12.607
 36    53.475 53462.89856005 11.08 205.201328  64.908081 12.607
 36    53.817 53462.89856070 10.62 205.198368  64.904971 12.607
 36    52.019 53462.89856134 10.41 205.195408  64.901861 12.607
 36    54.250 53462.89856199 10.29 205.192448  64.898761 12.607
 36    53.815 53462.89856263  9.39 205.189488  64.895651 12.607
 36    51.761 53462.89856328 10.98 205.186538  64.892541 12.607
 36    51.664 53462.89856392 10.93 205.183578  64.889431 12.607
 36    52.064 53462.89856457 10.51 205.180618  64.886331 12.607
 37    54.507 53497.89863179 43.27 205.183608  64.910465 16.428
 37    51.457 53497.89863437 45.09 205.171782  64.898033 26.855
 37    51.929 53497.89863502 45.54 205.168822  64.894923 26.855
 37    51.416 53497.89863566 48.66 205.165862  64.891823 26.855
 37    51.973 53497.89863631 41.21 205.162912  64.888713 26.855
 39    52.293 53567.89863599 12.77 205.165369  64.896674 14.886
 39    52.639 53567.89863663 13.85 205.162419  64.893564 14.886
 39    54.485 53567.89863728 16.73 205.159459  64.890454 14.886
 40    48.952 53602.89858139 19.14 205.165224  64.895920 24.995
 40    48.927 53602.89858203 20.67 205.162264  64.892810 24.995
 40    49.806 53602.89858268 22.75 205.159314  64.889700 24.995
 41    64.166 53637.89857800  2.64 205.186444  64.900255 26.107
 41    59.735 53637.89857864 11.61 205.183484  64.897145 26.107
 41    55.085 53637.89857929 16.37 205.180524  64.894035 26.107
 41    57.478 53637.89857993 17.73 205.177564  64.890935 26.107
 41    56.054 53637.89858058 21.82 205.174614  64.887825 26.107
 42    49.469 53672.89859654 37.41 205.187118  64.911881 19.471
 42    49.877 53672.89859718 41.69 205.184158  64.908781 19.471
 42    47.350 53672.89859911 25.63 205.175288  64.899451 19.471
 42    47.737 53672.89859976 22.51 205.172328  64.896341 19.471
 42    48.532 53672.89860040 21.22 205.169368  64.893241 19.471
 42    48.120 53672.89860105 21.91 205.166418  64.890131 19.471
 43    47.405 53707.89852837 22.44 205.184486  64.910523 16.439
 43    47.209 53707.89853095 25.05 205.172656  64.898083 16.439
 43    47.580 53707.89853159 29.34 205.169706  64.894983 16.439
 43    47.426 53707.89853224 27.20 205.166756  64.891873 16.439
 43    46.984 53707.89853288 27.15 205.163796  64.888763 16.439
 44    47.544 53742.89844337 13.32 205.156659  64.894206  7.435
 44    46.526 53742.89844402 13.77 205.153709  64.891096  7.435
 44    46.572 53742.89844466 13.18 205.150759  64.887986  7.435
 45    46.428 53777.89846506 12.05 205.199528  64.913612  6.629
 45    46.076 53777.89846571 12.05 205.196571  64.910504  5.596
 45    46.616 53777.89846635 11.64 205.193611  64.907404  5.596
 45    46.737 53777.89846700 11.68 205.190651  64.904294  5.596
 45    47.331 53777.89846764 11.58 205.187691  64.901184  5.596
 45    47.118 53777.89846829 12.49 205.184731  64.898074  5.596
 45    47.582 53777.89846893 12.06 205.181781  64.894974  5.596
 45    47.108 53777.89846957 12.46 205.178821  64.891864  5.596
 45    47.621 53777.89847022 13.26 205.175871  64.888754  5.596
 46    47.677 53812.89844551  8.18 205.158697  64.894047  4.630
 46    47.505 53812.89844616  8.32 205.155747  64.890937  4.630
 46    47.435 53812.89844680  8.29 205.152797  64.887827  4.630
 47    47.220 53847.89849580  3.31 205.198361  64.913524  6.228
 47    47.013 53847.89849644  4.47 205.195401  64.910414  6.228
 47    47.508 53847.89849709  3.77 205.192441  64.907304  6.228
 47    47.561 53847.89849773  4.04 205.189479  64.904195  3.708
 47    48.935 53847.89849838  3.91 205.186529  64.901095  3.708
 47    48.771 53847.89849902  4.67 205.183569  64.897985  3.708
 47    48.542 53847.89849967  4.48 205.180609  64.894875  3.708
 47    48.905 53847.89850031  4.30 205.177649  64.891765  3.708
 47    47.926 53847.89850096  4.89 205.174699  64.888665  3.708
 49    51.773 53917.89858170 19.11 205.166104  64.895030 18.795
 49    52.989 53917.89858234 18.18 205.163154  64.891920 18.795
 49    53.101 53917.89858299 18.06 205.160194  64.888820 18.795
 50    51.077 53952.89858499 37.41 205.164600  64.896826 28.943
 50    54.793 53952.89858564 32.45 205.161650  64.893716 28.943
 50    50.808 53952.89858628 38.29 205.158690  64.890606 28.943
 50    49.754 53952.89858693 38.71 205.155740  64.887506 28.943
 52    56.032 54022.89856018 34.40 205.203286  64.914253 12.388
 52    55.088 54022.89856083 34.73 205.200326  64.911153 12.388
 52    54.154 54022.89856147 27.34 205.197366  64.908043 12.388
 52    54.324 54022.89856212 23.48 205.194406  64.904933 12.388
 52    53.751 54022.89856276 19.16 205.191444  64.901824 24.764
 52    55.299 54022.89856341 18.50 205.188484  64.898724 24.764
 52    53.409 54022.89856405 19.13 205.185524  64.895614 24.764
 52    55.742 54022.89856470 19.91 205.182574  64.892504 24.764
 52    57.339 54022.89856534 23.78 205.179614  64.889394 24.764
 52    55.827 54022.89856599 31.86 205.176654  64.886284 24.764
 53    46.563 54057.89855296 19.73 205.200947  64.913263 11.138
 53    46.681 54057.89855360 20.44 205.197987  64.910163 11.138
 53    46.872 54057.89855425 21.47 205.195027  64.907053 11.138
 53    46.716 54057.89855489 20.89 205.192067  64.903943 11.138
 53    46.421 54057.89855554 19.78 205.189112  64.900832  7.470
 53    46.512 54057.89855618 20.41 205.186152  64.897732  7.470
 53    47.256 54057.89855683 18.71 205.183192  64.894622  7.470
 53    48.025 54057.89855747 17.16 205.180242  64.891512  7.470
 53    48.860 54057.89855812 17.21 205.177282  64.888402  7.470
 54    47.578 54092.89853846 19.57 205.163195  64.895175  9.789
 54    47.506 54092.89853911 19.15 205.160245  64.892075  9.789
 54    47.121 54092.89853975 19.12 205.157285  64.888965  9.789
 55    46.459 54127.89846976 12.79 205.209190  64.915247  8.338
 55    46.695 54127.89847041 12.76 205.206230  64.912147  8.338
 55    46.614 54127.89847105 13.60 205.203270  64.909037  8.338
 55    46.515 54127.89847170 14.50 205.200310  64.905927  8.338
 55    46.758 54127.89847234 14.53 205.197351  64.902820  7.004
 55    46.239 54127.89847299 13.83 205.194391  64.899720  7.004
 55    47.145 54127.89847363 14.50 205.191431  64.896610  7.004
 55    46.063 54127.89847428 16.58 205.188471  64.893500  7.004
 55    46.715 54127.89847492 17.60 205.185511  64.890390  7.004
 55    48.352 54127.89847556 17.11 205.182561  64.887280  7.004
 56    51.553 54162.89850420  8.19 205.185127  64.911136 10.315
 56    52.390 54162.89850484  8.40 205.182167  64.908036 10.315
 56    52.844 54162.89850678  9.11 205.173297  64.898706 10.315
 56    52.927 54162.89850742  8.99 205.170337  64.895606 10.315
 56    52.857 54162.89850807  9.25 205.167387  64.892496 10.315
 56    49.517 54162.89850871  9.56 205.164427  64.889386 10.315
 57    48.582 54197.89847263  1.46 205.202448  64.914351  6.591
 57    49.839 54197.89847328  0.11 205.199489  64.911246 10.906
 57    48.788 54197.89847392  3.12 205.196529  64.908136 10.906
 57    49.634 54197.89847457  3.27 205.193569  64.905036 10.906
 57    49.168 54197.89847521  3.00 205.190609  64.901926 10.906
 57    49.913 54197.89847586  2.90 205.187649  64.898816 10.906
 57    48.564 54197.89847650  4.60 205.184689  64.895706 10.906
 57    48.233 54197.89847715 13.69 205.181729  64.892606 10.906
 57    49.050 54197.89847779 16.72 205.178779  64.889496 10.906
 57    47.811 54197.89847844 10.00 205.175819  64.886386 10.906
 58    55.232 54232.89851665 24.33 205.196845  64.913898 11.941
 58    54.953 54232.89851729 17.51 205.193881  64.910788 23.629
 58    51.625 54232.89851794 19.13 205.190921  64.907688 23.629
 58    48.743 54232.89851858 27.61 205.187961  64.904578 23.629
 58    50.048 54232.89851923 21.20 205.185001  64.901468 23.629
 58    49.806 54232.89851987 16.53 205.182051  64.898358 23.629
 59    55.959 54267.89853576 14.74 205.191549  64.912140  6.860
 59    54.896 54267.89853641 12.85 205.188584  64.909029 22.408
 59    53.868 54267.89853705  9.95 205.185624  64.905929 22.408
 59    52.428 54267.89853770 10.14 205.182674  64.902819 22.408
 59    51.103 54267.89853834 10.41 205.179714  64.899709 22.408
 59    50.555 54267.89853899 11.53 205.176754  64.896599 22.408
 59    50.221 54267.89853963 12.63 205.173794  64.893499 22.408
 59    50.759 54267.89854028 14.03 205.170844  64.890389 22.408
 60    52.484 54302.89853972 22.79 205.192180  64.912634  5.487
 60    51.730 54302.89854037 22.67 205.189214  64.909524 30.048
 60    52.642 54302.89854101 25.55 205.186254  64.906424 30.048
 60    50.331 54302.89854166 35.78 205.183294  64.903314 30.048
 60    52.832 54302.89854230 32.27 205.180344  64.900204 30.048
 60    50.978 54302.89854295 40.16 205.177384  64.897094 30.048
 60    49.023 54302.89854359 42.05 205.174424  64.893994 30.048
 60    49.599 54302.89854424 46.31 205.171474  64.890884 30.048
 61    50.230 54337.89852606 31.87 205.184672  64.910808 30.572
 61    49.503 54337.89852864 38.62 205.172842  64.898378 30.572
 61    50.124 54337.89852928 41.35 205.169882  64.895278 30.572
 61    50.354 54337.89852993 42.07 205.166932  64.892168 30.572
 61    49.132 54337.89853057 45.25 205.163972  64.889058 30.572
 62    55.351 54372.89847231 23.35 205.200250  64.914358  8.252
 62    55.464 54372.89847296 19.41 205.197289  64.911250 20.984
 62    54.950 54372.89847360 17.23 205.194329  64.908150 20.984
 62    53.720 54372.89847425 17.68 205.191369  64.905040 20.984
 62    51.985 54372.89847489 17.25 205.188419  64.901930 20.984
 62    50.856 54372.89847553 17.91 205.185459  64.898820 20.984
 62    50.529 54372.89847618 17.55 205.182499  64.895720 20.984
 62    50.109 54372.89847682 19.64 205.179539  64.892610 20.984
 62    50.127 54372.89847747 21.82 205.176589  64.889500 20.984
 63    48.052 54407.89847118 39.37 205.187611  64.912213 11.904
 63    48.123 54407.89847183 40.84 205.184661  64.909113 11.904
 63    46.506 54407.89847376 25.73 205.175781  64.899783 11.904
 63    46.660 54407.89847441 24.76 205.172831  64.896683 11.904
 64    46.543 54442.89843268  9.77 205.208226  64.913380  5.765
 64    46.745 54442.89843333 10.05 205.205264  64.910277  7.613
 64    47.228 54442.89843397 11.50 205.202304  64.907167  7.613
 64    47.260 54442.89843462 12.47 205.199344  64.904067  7.613
 64    47.452 54442.89843526 13.75 205.196384  64.900957  7.613
 64    47.694 54442.89843591 16.30 205.193424  64.897847  7.613
 65    46.562 54477.89846014  9.69 205.191952  64.912089  5.105
 65    46.924 54477.89846078  9.49 205.188992  64.908979  5.105
 65    46.831 54477.89846143 11.07 205.186032  64.905869  5.105
 65    46.857 54477.89846207 11.10 205.183074  64.902757  5.203
 65    46.716 54477.89846272 12.48 205.180114  64.899657  5.203
 65    47.275 54477.89846336 12.76 205.177154  64.896547  5.203
 65    46.258 54477.89846401 13.50 205.174204  64.893437  5.203
 65    46.541 54477.89846465 14.67 205.171244  64.890327  5.203
 66    45.619 54512.89844770  9.16 205.207428  64.914695  5.325
 66    46.376 54512.89844834  9.47 205.204468  64.911595  5.325
 66    46.613 54512.89844899 10.19 205.201508  64.908485  5.325
 66    46.720 54512.89844963 11.36 205.198548  64.905375  5.325
 66    47.011 54512.89845028 11.82 205.195588  64.902265  5.325
 66    48.619 54512.89845092 10.93 205.192628  64.899165  5.325
 66    47.360 54512.89845157 12.17 205.189668  64.896055  5.325
 66    48.008 54512.89845221 13.43 205.186718  64.892945  5.325
 66    48.294 54512.89845286 13.02 205.183758  64.889835  5.325
 66    48.510 54512.89845350 13.03 205.180798  64.886735  5.325
 67    52.559 54547.89847413  7.73 205.185498  64.911940  5.576
 67    46.409 54547.89847478  8.60 205.182548  64.908830  5.576
 67    46.231 54547.89847671 11.41 205.173668  64.899510  5.576
 67    47.491 54547.89847735 11.25 205.170718  64.896400  5.576
 67    45.680 54547.89847800 13.74 205.167758  64.893290  5.576
 67    45.996 54547.89847864 13.39 205.164808  64.890180  5.576
 68    50.718 54582.89844377  7.75 205.195557  64.913325  8.672
 68    49.990 54582.89844441 10.14 205.192597  64.910215  8.672
 68    49.425 54582.89844506  9.93 205.189637  64.907105  8.672
 68    48.449 54582.89844570  9.88 205.186677  64.903995  8.672
 68    48.195 54582.89844635  9.93 205.183717  64.900895  8.672
 68    48.457 54582.89844699 10.15 205.180767  64.897785  8.672
 68    48.066 54582.89844764  9.91 205.177807  64.894675  8.672
 68    47.805 54582.89844828 13.16 205.174847  64.891565  8.672
 68    48.115 54582.89844893 13.63 205.171897  64.888455  8.672
 69    52.604 54617.89846454 40.90 205.193460  64.913145 32.133
 69    56.236 54617.89846519 38.72 205.190500  64.910035 32.133
 69    51.756 54617.89846583 40.79 205.187540  64.906925 32.133
 69    54.573 54617.89846647 40.11 205.184580  64.903815 32.133
 69    50.926 54617.89846712 38.89 205.181620  64.900715 32.133
 69    50.707 54617.89846776 43.78 205.178670  64.897605 32.133
 69    50.218 54617.89846841 39.50 205.175710  64.894495 32.133
 69    50.696 54617.89846905 42.24 205.172750  64.891385 32.133
 69    50.061 54617.89846970 43.16 205.169800  64.888275 32.133
 70    55.097 54652.89847705 14.56 205.188848  64.911565 27.409
 70    51.543 54652.89847769 17.07 205.185888  64.908455 27.409
 70    50.339 54652.89847834 19.47 205.182928  64.905345 27.409
 70    50.202 54652.89847963 28.35 205.177018  64.899135 27.409
 70    49.778 54652.89848027 28.89 205.174058  64.896025 27.409
 70    50.895 54652.89848092 24.06 205.171098  64.892915 27.409
 70    49.671 54652.89848156 25.02 205.168148  64.889805 27.409
 71    55.319 54687.89846694 40.97 205.183856  64.911252 33.188
 71    50.085 54687.89846952 45.80 205.172036  64.898822 33.188
 71    51.030 54687.89847016 43.16 205.169076  64.895712 33.188
 71    50.299 54687.89847081 44.08 205.166116  64.892602 33.188
 71    49.978 54687.89847145 44.71 205.163166  64.889492 33.188
 72    56.092 54722.89842360 15.79 205.205343  64.912399 19.995
 72    56.242 54722.89842425 12.57 205.202383  64.909299 19.995
 72    51.382 54722.89842489 15.72 205.199423  64.906189 19.995
 72    51.333 54722.89842554 16.09 205.196463  64.903079 19.995
 72    49.226 54722.89842618 19.38 205.193503  64.899969 19.995
 72    50.273 54722.89842683 16.74 205.190543  64.896869 19.995
 72    49.149 54722.89842747 18.77 205.187583  64.893759 19.995
 72    49.685 54722.89842811 17.40 205.184633  64.890649 19.995
 72    49.656 54722.89842876 19.57 205.181673  64.887539 19.995
 73    47.618 54757.89844257 45.52 205.187351  64.911395 29.711
 73    48.265 54757.89844322 46.06 205.184391  64.908285 29.711
 73    47.016 54757.89844515 28.65 205.175511  64.898965 29.711
 73    47.600 54757.89844579 28.55 205.172561  64.895855 29.711
 73    48.111 54757.89844644 26.93 205.169601  64.892745 29.711
 73    46.214 54757.89844708 28.70 205.166651  64.889635 29.711
 74    47.587 54792.89841721 18.00 205.204289  64.912563 18.129
 74    48.077 54792.89841785 19.89 205.201329  64.909463 18.129
 74    47.837 54792.89841850 21.43 205.198369  64.906353 18.129
 74    48.414 54792.89841914 22.65 205.195409  64.903243 18.129
 74    46.647 54792.89841979 27.95 205.192449  64.900143 18.129
 74    46.634 54792.89842043 27.29 205.189489  64.897033 18.129
 74    46.661 54792.89842108 27.10 205.186539  64.893923 18.129
 74    46.751 54792.89842172 28.22 205.183579  64.890813 18.129
 74    46.699 54792.89842237 27.12 205.180619  64.887713 18.129
 75    54.729 54827.89844001  7.11 205.194214  64.913070  6.617
 75    47.172 54827.89844065  7.96 205.191254  64.909960  6.617
 75    47.236 54827.89844130  9.33 205.188294  64.906850  6.617
 75    46.049 54827.89844194 10.18 205.185334  64.903740  6.617
 75    45.947 54827.89844259 12.33 205.182374  64.900630  6.617
 75    45.983 54827.89844323 13.47 205.179424  64.897530  6.617
 75    46.056 54827.89844387 15.61 205.176464  64.894420  6.617
 75    46.455 54827.89844452 15.75 205.173504  64.891310  6.617
 75    46.586 54827.89844516 16.76 205.170554  64.888200  6.617
 76    49.364 54862.89841082  2.21 205.204305  64.914544  5.119
 76    48.792 54862.89841146  3.92 205.201345  64.911444  5.119
 76    49.444 54862.89841211  4.36 205.198385  64.908334  5.119
 76    50.303 54862.89841275  4.17 205.195425  64.905224  5.119
 76    50.269 54862.89841339  5.35 205.192465  64.902114  5.119
 76    50.660 54862.89841404  5.64 205.189505  64.899014  5.119
 76    51.317 54862.89841468  5.38 205.186545  64.895904  5.119
 76    49.968 54862.89841533  5.98 205.183595  64.892794  5.119
 76    50.235 54862.89841597  5.98 205.180635  64.889684  5.119
 76    51.250 54862.89841662  5.93 205.177675  64.886584  5.119
 77    49.629 54897.89844036  3.22 205.186649  64.913389  5.624
 77    50.538 54897.89844101  4.84 205.183689  64.910279  5.624
 77    50.310 54897.89844359  6.53 205.171859  64.897849  5.624
 77    50.484 54897.89844423  6.00 205.168899  64.894739  5.624
 77    50.489 54897.89844488  6.48 205.165949  64.891629  5.624
 77    49.699 54897.89844552  6.95 205.162989  64.888529  5.624
 78    47.646 54932.89840617  8.16 205.199177  64.913685 11.063
 78    49.033 54932.89840681  8.65 205.196207  64.910585 11.063
 78    47.999 54932.89840746  9.12 205.193247  64.907475 11.063
 78    46.988 54932.89840810 10.98 205.190297  64.904365 11.063
 78    47.499 54932.89840875 10.07 205.187337  64.901255 11.063
 78    48.225 54932.89840939  9.85 205.184377  64.898155 11.063
 78    48.713 54932.89841004  9.76 205.181417  64.895045 11.063
 78    48.100 54932.89841068 11.32 205.178457  64.891935 11.063
 78    48.567 54932.89841133 11.50 205.175507  64.888825 11.063
 79    52.124 54967.89844124 48.91 205.191131  64.911686 36.128
 79    51.365 54967.89844188 49.09 205.188181  64.908576 36.128
 79    50.564 54967.89844253 48.13 205.185221  64.905466 36.128
 79    50.532 54967.89844317 49.55 205.182261  64.902356 36.128
 79    50.468 54967.89844382 51.16 205.179301  64.899246 36.128
 79    50.510 54967.89844446 51.26 205.176341  64.896146 36.128
 79    50.493 54967.89844511 49.94 205.173391  64.893036 36.128
 79    50.499 54967.89844575 48.85 205.170431  64.889926 36.128
 80    54.452 55002.89846150 26.79 205.187583  64.910980 28.193
 80    52.159 55002.89846214 28.45 205.184623  64.907870 28.193
 80    54.421 55002.89846408 36.05 205.175753  64.898550 28.193
 80    50.725 55002.89846472 37.98 205.172793  64.895440 28.193
 80    50.563 55002.89846537 39.48 205.169833  64.892330 28.193
 80    50.699 55002.89846601 41.42 205.166883  64.889220 28.193
 81    52.010 55037.89844749 41.37 205.193218  64.913418 28.184
 81    54.036 55037.89844813 43.22 205.190258  64.910308 28.184
 81    51.159 55037.89844878 44.34 205.187298  64.907198 28.184
 81    52.778 55037.89844942 34.09 205.184338  64.904088 28.184
 81    53.660 55037.89845007 30.38 205.181378  64.900988 28.184
 81    51.371 55037.89845071 30.53 205.178428  64.897878 28.184
 81    50.403 55037.89845136 35.04 205.175468  64.894768 28.184
 81    52.597 55037.89845200 29.37 205.172508  64.891658 28.184
 81    49.334 55037.89845265 32.30 205.169558  64.888548 28.184
 82    56.049 55072.89843389 19.13 205.183450  64.912224 21.566
 82    49.195 55072.89843711 29.79 205.168660  64.896684 21.566
 82    48.835 55072.89843776 20.91 205.165700  64.893574 21.566
 82    49.187 55072.89843840 23.43 205.162750  64.890464 21.566
 83    48.253 55107.89837953 37.78 205.202501  64.913754 21.158
 83    53.556 55107.89838017 35.22 205.199541  64.910654 21.158
 83    47.947 55107.89838082 34.23 205.196581  64.907544 21.158
 83    47.285 55107.89838146 24.09 205.193621  64.904434 21.158
 83    47.339 55107.89838211 19.66 205.190661  64.901324 21.158
 83    47.677 55107.89838275 20.14 205.187701  64.898224 21.158
 83    48.046 55107.89838340 18.15 205.184741  64.895114 21.158
 83    47.837 55107.89838404 18.46 205.181791  64.892004 21.158
 83    48.244 55107.89838469 18.32 205.178831  64.888894 21.158
 84    54.079 55142.89838498 20.09 205.187293  64.913186 21.230
 84    53.010 55142.89838562 21.25 205.184333  64.910076 21.230
 84    51.457 55142.89838820 27.22 205.172503  64.897646 21.230
 84    48.924 55142.89838884 32.11 205.169543  64.894536 21.230
 84    54.365 55142.89838949 27.03 205.166593  64.891426 21.230
 84    48.393 55142.89839013 27.66 205.163633  64.888326 21.230
 85    46.154 55177.89835103 17.15 205.208846  64.914542  9.251
 85    45.724 55177.89835168 18.38 205.205886  64.911432  9.251
 85    46.222 55177.89835232 16.90 205.202926  64.908332  9.251
 85    46.742 55177.89835297 17.06 205.199966  64.905222  9.251
 85    47.285 55177.89835361 16.77 205.197006  64.902112  9.251
 85    46.203 55177.89835426 18.36 205.194046  64.899012  9.251
 85    46.652 55177.89835490 18.86 205.191086  64.895902  9.251
 85    47.219 55177.89835555 19.70 205.188136  64.892792  9.251
 85    47.613 55177.89835619 19.53 205.185176  64.889682  9.251
 86    45.681 55212.89837932 11.26 205.191161  64.913599  5.473
 86    45.827 55212.89837996 12.53 205.188201  64.910489  5.473
 86    46.195 55212.89838061 12.84 205.185251  64.907379  5.473
 86    45.758 55212.89838125 12.41 205.182291  64.904269  5.473
 86    45.892 55212.89838190 14.36 205.179331  64.901159  5.473
 86    45.674 55212.89838254 14.67 205.176371  64.898059  5.473
 86    46.000 55212.89838319 15.01 205.173421  64.894949  5.473
 86    46.160 55212.89838383 15.81 205.170461  64.891839  5.473
 86    46.198 55212.89838448 16.06 205.167511  64.888729  5.473
 87    46.698 55247.89835260 11.25 205.201621  64.914513  4.829
 87    47.012 55247.89835324 11.00 205.198661  64.911413  4.829
 87    46.984 55247.89835389 11.56 205.195701  64.908303  4.829
 87    47.326 55247.89835453 11.19 205.192741  64.905193  4.829
 87    47.558 55247.89835518 10.81 205.189781  64.902083  4.829
 87    47.980 55247.89835582 11.36 205.186821  64.898983  4.829
 87    48.413 55247.89835647 11.35 205.183861  64.895873  4.829
 87    48.582 55247.89835711 10.90 205.180901  64.892763  4.829
 87    48.746 55247.89835775 11.02 205.177951  64.889653  4.829
 87    48.165 55247.89835840 10.57 205.174991  64.886553  4.829
 88    46.380 55282.89837355  7.53 205.184500  64.911803  5.191
 88    47.436 55282.89837613  8.92 205.172670  64.899373  5.191
 88    47.350 55282.89837677  9.40 205.169720  64.896263  5.191
 88    47.198 55282.89837742  9.89 205.166760  64.893153  5.191
 88    47.357 55282.89837806  9.70 205.163810  64.890043  5.191
 89    54.978 55317.89834250 23.03 205.189909  64.913134 30.163
 89    47.772 55317.89834315 25.52 205.186949  64.910024 30.163
 89    47.146 55317.89834379 31.84 205.183989  64.906914 30.163
 89    47.448 55317.89834508 25.91 205.178069  64.900704 30.163
 89    48.183 55317.89834572 27.25 205.175119  64.897594 30.163
 89    47.652 55317.89834637 25.50 205.172159  64.894484 30.163
 89    46.469 55317.89834701 26.80 205.169199  64.891374 30.163
 90    57.162 55352.89834626 40.26 205.185470  64.910568 29.365
 90    53.991 55352.89834691 40.97 205.182510  64.907458 29.365
 90    52.041 55352.89834884 41.33 205.173640  64.898138 29.365
 90    52.389 55352.89834949 41.93 205.170690  64.895028 29.365
 90    47.468 55352.89835013 41.44 205.167730  64.891918 29.365
 90    48.318 55352.89835078 41.21 205.164780  64.888808 29.365
 91    50.169 55387.89834225 37.78 205.200723  64.913318 32.166
 91    55.250 55387.89834290 29.31 205.197763  64.910218 32.166
 91    49.889 55387.89834354 24.04 205.194803  64.907108 32.166
 91    49.896 55387.89834419 24.60 205.191843  64.903998 32.166
 91    51.161 55387.89834483 31.41 205.188883  64.900888 32.166
 91    52.949 55387.89834547 32.27 205.185923  64.897788 32.166
 91    49.364 55387.89834612 30.67 205.182963  64.894678 32.166
 91    50.584 55387.89834676 28.93 205.180013  64.891568 32.166
 91    50.290 55387.89834741 32.70 205.177053  64.888458 32.166
