#   39.854   0.560  15.847 ;Mean Elev.(m), Avg Gradient(m/km), RMS Gradient(m/km)
  6    37.866 52418.90647807 50.38 202.278175  64.870820 27.779
  6    37.853 52418.90647872 47.46 202.275225  64.867710 27.779
  6    37.902 52418.90647936 45.64 202.272265  64.864600 27.779
  7    41.951 52453.90650380 32.70 202.272026  64.871709 31.045
  7    41.660 52453.90650444 30.92 202.269076  64.868599 31.045
  7    41.541 52453.90650509 31.03 202.266126  64.865489 31.045
  8    34.818 52488.90648212 51.40 202.275998  64.869893 29.224
  8    34.950 52488.90648276 51.09 202.273048  64.866783 29.224
  8    34.872 52488.90648341 49.33 202.270098  64.863673 29.224
 10    34.064 52558.90650731 44.76 202.278390  64.869630 40.861
 10    33.852 52558.90650796 25.33 202.275440  64.866520 40.861
 10    33.345 52558.90650860 19.48 202.272490  64.863410 40.861
 11    31.149 52593.90650902 47.52 202.270295  64.872104 17.439
 11    30.866 52593.90650967 47.73 202.267345  64.869004 17.439
 11    31.041 52593.90651031 49.33 202.264395  64.865894 17.439
 11    31.020 52593.90651095 41.67 202.261445  64.862784 17.439
 12    33.054 52628.90643534 25.72 202.292520  64.869360  7.282
 12    32.927 52628.90643599 25.64 202.289570  64.866250  7.282
 12    32.867 52628.90643663 26.13 202.286610  64.863150  7.282
 13    32.144 52663.90647077 22.12 202.274834  64.871785  4.698
 13    32.285 52663.90647141 21.58 202.271884  64.868675  4.698
 13    32.208 52663.90647206 21.30 202.268934  64.865565  4.698
 14    32.191 52698.90644530 12.26 202.295224  64.869291  3.079
 14    32.579 52698.90644595 11.27 202.292272  64.866182  2.779
 14    32.186 52698.90644659 11.69 202.289322  64.863072  2.779
 15    33.911 52733.90647013 10.10 202.281382  64.871689  4.801
 15    35.324 52733.90647077 11.74 202.278432  64.868579  4.801
 15    31.760 52733.90647142 16.09 202.275482  64.865469  4.801
 16    35.635 52768.90647064 48.29 202.261310  64.871048 28.464
 16    35.766 52768.90647128 48.82 202.258360  64.867948 28.464
 16    35.670 52768.90647193 51.92 202.255410  64.864838 28.464
 17    37.196 52803.90649496 46.66 202.290717  64.870403 26.505
 17    37.218 52803.90649560 43.71 202.287767  64.867293 26.505
 17    37.082 52803.90649625 44.33 202.284817  64.864193 26.505
 18    35.549 52838.90655842 53.14 202.285097  64.868093 26.339
 18    35.528 52838.90655906 49.67 202.282147  64.864993 26.339
 19    35.350 52873.90659813 31.10 202.280762  64.868774 37.514
 19    35.278 52873.90659877 22.66 202.277812  64.865674 37.514
 20    33.808 52908.90657710 38.97 202.275277  64.870691 12.842
 20    33.801 52908.90657775 33.74 202.272327  64.867581 12.842
 20    33.755 52908.90657839 31.26 202.269377  64.864471 12.842
 21    31.934 52943.90650866 46.81 202.297837  64.869013 24.849
 21    31.998 52943.90650930 48.37 202.294887  64.865903 24.849
 21    31.904 52943.90650995 44.21 202.291937  64.862793 24.849
 22    31.468 52978.90656467 27.60 202.283735  64.868858  6.282
 22    32.720 52978.90656531 27.05 202.280785  64.865748  6.282
 22    31.670 52978.90656596 26.87 202.277835  64.862648  6.282
 23    35.420 53013.90656279 19.49 202.270663  64.873013  5.316
 23    34.939 53013.90656343 16.39 202.267713  64.869903  5.316
 23    33.826 53013.90656408 16.23 202.264763  64.866803  5.316
 23    32.691 53013.90656472 15.76 202.261813  64.863693  5.316
 24    34.093 53048.90653408 16.63 202.286456  64.869635  4.640
 24    31.266 53048.90653472 22.53 202.283506  64.866525  4.640
 24    32.142 53048.90653537 15.24 202.280556  64.863415  4.640
 25    30.851 53083.90657001 19.68 202.265009  64.871426  6.109
 25    30.800 53083.90657066 21.98 202.262059  64.868326  6.109
 25    30.557 53083.90657130 19.88 202.259109  64.865216  6.109
 26    31.371 53118.90654000 25.97 202.281200  64.869845 15.670
 26    33.798 53118.90654064 21.46 202.278250  64.866735 15.670
 26    37.587 53118.90654129 17.90 202.275300  64.863635 15.670
 27    37.478 53153.90659103 36.53 202.275571  64.871341 24.603
 27    37.257 53153.90659167 36.10 202.272621  64.868231 24.603
 27    37.195 53153.90659232 31.40 202.269671  64.865131 24.603
 28    35.554 53188.90657980 40.95 202.285623  64.870906 37.959
 28    35.245 53188.90658044 25.03 202.282673  64.867796 37.959
 28    35.519 53188.90658109 28.21 202.279723  64.864696 37.959
 29    34.573 53223.90659515 48.14 202.275574  64.871813 19.896
 29    34.517 53223.90659580 44.48 202.272624  64.868703 19.896
 29    34.394 53223.90659644 44.85 202.269674  64.865593 19.896
 30    33.149 53258.90657110 39.93 202.261068  64.870248 20.222
 30    33.200 53258.90657175 44.18 202.258118  64.867148 20.222
 30    33.148 53258.90657239 48.24 202.255178  64.864038 20.222
 31    31.769 53293.90659406 51.49 202.279278  64.871856 23.126
 31    31.642 53293.90659471 26.12 202.276318  64.868746 23.126
 31    31.992 53293.90659535 22.63 202.273368  64.865636 23.126
 32    30.973 53328.90656760 35.12 202.278240  64.871779 11.512
 32    30.765 53328.90656824 34.65 202.275290  64.868669 11.512
 32    30.814 53328.90656889 35.18 202.272340  64.865569 11.512
 33    31.498 53363.90651988 22.16 202.272155  64.871700  7.402
 33    31.396 53363.90652053 24.19 202.269205  64.868590  7.402
 33    31.529 53363.90652117 22.17 202.266255  64.865490  7.402
 34    31.416 53398.90654324 18.64 202.281521  64.869744  5.132
 34    31.427 53398.90654389 18.92 202.278571  64.866634  5.132
 34    31.222 53398.90654453 17.22 202.275621  64.863524  5.132
 35    30.733 53433.90653323 18.22 202.274155  64.874453  4.452
 35    30.826 53433.90653388 17.48 202.271205  64.871343  4.452
 35    30.768 53433.90653452 17.98 202.268255  64.868243  4.452
 35    30.871 53433.90653517 16.64 202.265305  64.865133  4.452
 36    31.001 53468.90657477 25.13 202.285145  64.870542  6.746
 36    30.884 53468.90657541 21.52 202.282185  64.867432  6.746
 36    30.998 53468.90657606 20.62 202.279235  64.864332  6.746
 38    36.931 53538.90661733 40.69 202.274061  64.870526 22.560
 38    37.055 53538.90661798 36.68 202.271111  64.867416 22.560
 38    36.940 53538.90661862 35.02 202.268161  64.864316 22.560
 39    36.503 53573.90661592 17.24 202.269073  64.872213 18.718
 39    36.107 53573.90661657 18.15 202.266123  64.869103 18.718
 39    35.592 53573.90661721 20.92 202.263173  64.866003 18.718
 39    36.570 53573.90661786 21.36 202.260223  64.862893 18.718
 40    34.184 53608.90656583 16.82 202.263548  64.872633 26.028
 40    34.457 53608.90656648 13.91 202.260598  64.869533 26.028
 40    35.630 53608.90656712 19.36 202.257648  64.866423 26.028
 40    35.969 53608.90656777 14.56 202.254698  64.863313 26.028
 41    34.863 53643.90656810 29.79 202.285910  64.868365 27.517
 41    34.811 53643.90656874 19.45 202.282960  64.865255 27.517
 42    32.445 53678.90658555 42.52 202.272504  64.873969 17.785
 42    32.476 53678.90658620 49.88 202.269554  64.870859 17.785
 42    32.471 53678.90658684 50.23 202.266604  64.867749 17.785
 42    32.514 53678.90658749 47.29 202.263654  64.864649 17.785
 43    32.722 53713.90651405 29.52 202.272509  64.873274  5.729
 43    32.555 53713.90651469 22.44 202.269559  64.870164  5.729
 43    32.713 53713.90651534 25.38 202.266619  64.867064  5.729
 43    32.742 53713.90651598 21.81 202.263669  64.863954  5.729
 44    32.174 53748.90642895 25.81 202.294620  64.867735  6.901
 44    32.017 53748.90642960 23.28 202.291660  64.864625  6.901
 45    31.392 53783.90645937 15.76 202.278876  64.871533  4.196
 45    31.385 53783.90646001 16.23 202.275926  64.868423  4.196
 45    32.255 53783.90646066 13.68 202.272976  64.865323  4.196
 46    31.387 53818.90642162 12.78 202.263504  64.871580  3.338
 46    31.511 53818.90642226 12.53 202.260552  64.868468  2.984
 46    31.347 53818.90642290 11.71 202.257602  64.865368  2.984
 47    31.289 53853.90650044  8.23 202.279706  64.869782  3.118
 47    31.051 53853.90650109  9.42 202.276746  64.866672  3.118
 47    38.323 53853.90650173  7.89 202.273796  64.863562  3.118
 48    37.294 53888.90650876 25.87 202.284419  64.868459 34.959
 48    37.469 53888.90650941 24.09 202.281469  64.865349 34.959
 49    37.667 53923.90657599 26.72 202.271281  64.872561 19.440
 49    36.545 53923.90657664 26.44 202.268328  64.869457 25.340
 49    36.455 53923.90657728 24.73 202.265378  64.866347 25.340
 49    36.733 53923.90657793 23.60 202.262428  64.863237 25.340
 50    35.205 53958.90656775 50.81 202.265043  64.871793 24.852
 50    35.124 53958.90656839 48.63 202.262097  64.868687 32.593
 50    35.068 53958.90656904 46.72 202.259147  64.865577 32.593
 50    35.031 53958.90656968 42.77 202.256197  64.862467 32.593
 51    34.747 53993.90649775 38.55 202.297508  64.867953 25.681
 51    34.697 53993.90649839 36.73 202.294548  64.864843 25.681
 52    34.755 54028.90655715 41.26 202.288826  64.870323 14.947
 52    34.864 54028.90655779 23.74 202.285873  64.867213 33.524
 52    34.130 54028.90655844 32.64 202.282923  64.864103 33.524
 53    31.498 54063.90655135 35.38 202.277521  64.870288  9.458
 53    31.239 54063.90655200 37.39 202.274571  64.867178  9.458
 53    31.395 54063.90655264 34.77 202.271621  64.864068  9.458
 54    35.189 54098.90651821 24.11 202.268046  64.872864  4.657
 54    31.416 54098.90651885 24.57 202.265090  64.869756  5.382
 54    31.533 54098.90651950 23.83 202.262140  64.866646  5.382
 54    31.367 54098.90652014 24.40 202.259190  64.863546  5.382
 55    31.233 54133.90647517 28.04 202.286812  64.868901  6.570
 55    31.112 54133.90647581 26.50 202.283862  64.865791  6.570
 55    31.280 54133.90647646 23.72 202.280902  64.862681  6.570
 57    30.652 54203.90647898 31.39 202.286756  64.870538 15.931
 57    30.799 54203.90647963 33.24 202.283806  64.867428 15.931
 57    30.799 54203.90648027 33.50 202.280856  64.864328 15.931
 58    34.219 54238.90651350 39.34 202.280451  64.871632 22.773
 58    34.244 54238.90651415 44.97 202.277491  64.868522 22.773
 58    34.156 54238.90651479 46.78 202.274541  64.865422 22.773
 59    35.472 54273.90653135 43.86 202.277092  64.870741 21.299
 59    35.442 54273.90653199 27.12 202.274142  64.867631 21.299
 59    35.050 54273.90653264 25.11 202.271192  64.864531 21.299
 60    34.961 54308.90653336 23.27 202.278532  64.869676 23.560
 60    34.755 54308.90653401 23.45 202.275582  64.866566 23.560
 60    34.747 54308.90653465 25.34 202.272632  64.863466 23.560
 61    35.079 54343.90651096 43.91 202.268154  64.871046 22.976
 61    35.122 54343.90651160 47.02 202.265204  64.867936 22.976
 61    35.130 54343.90651225 45.33 202.262254  64.864826 22.976
 62    34.712 54378.90646868 30.52 202.284335  64.871021 19.184
 62    34.717 54378.90646932 19.47 202.281385  64.867911 19.184
 62    34.331 54378.90646997 16.55 202.278435  64.864811 19.184
 63    31.108 54413.90645886 48.43 202.273576  64.870786 21.318
 63    31.248 54413.90645951 45.56 202.270626  64.867676 21.318
 63    31.249 54413.90646015 49.04 202.267676  64.864576 21.318
 64    31.936 54448.90643528 28.00 202.287820  64.870956 10.672
 64    32.042 54448.90643593 34.45 202.284870  64.867846 10.672
 64    31.909 54448.90643657 29.36 202.281920  64.864746 10.672
 65    31.519 54483.90645246 20.91 202.280635  64.871619  4.327
 65    31.545 54483.90645310 20.37 202.277683  64.868516  4.676
 65    31.394 54483.90645375 20.44 202.274733  64.865406  4.676
 66    31.073 54518.90644958 16.37 202.284290  64.868279  3.727
 66    30.951 54518.90645022 14.65 202.281330  64.865169  3.727
 68    31.182 54588.90644515 27.48 202.279955  64.869161 14.497
 68    30.957 54588.90644579 26.31 202.277005  64.866051 14.497
 68    31.028 54588.90644644 20.57 202.274055  64.862941 14.497
 69    36.087 54623.90646259 36.62 202.275116  64.870723 23.158
 69    36.123 54623.90646324 32.40 202.272166  64.867613 23.158
 69    35.849 54623.90646388 27.80 202.269216  64.864503 23.158
 70    35.329 54658.90647125 19.76 202.276489  64.871409 25.537
 70    35.356 54658.90647189 24.59 202.273539  64.868299 25.537
 70    35.509 54658.90647253 30.10 202.270589  64.865189 25.537
 71    36.099 54693.90645173 53.93 202.274186  64.872598 21.741
 71    36.162 54693.90645238 53.65 202.271236  64.869488 21.741
 71    36.078 54693.90645302 49.39 202.268286  64.866388 21.741
 71    36.066 54693.90645367 49.13 202.265336  64.863278 21.741
 72    34.421 54728.90642555 47.31 202.283405  64.868783 21.723
 72    34.434 54728.90642619 45.23 202.280445  64.865683 21.723
 72    34.402 54728.90642683 43.95 202.277495  64.862573 21.723
 73    33.679 54763.90642997 45.97 202.276970  64.871270 17.370
 73    33.717 54763.90643061 51.58 202.274020  64.868170 17.370
 73    33.710 54763.90643126 48.21 202.271070  64.865060 17.370
 74    33.210 54798.90641906 32.45 202.285724  64.868603 11.315
 74    33.312 54798.90641971 35.15 202.282774  64.865493 11.315
 75    33.878 54833.90642008 21.98 202.276908  64.872713  8.249
 75    32.592 54833.90642073 23.79 202.273958  64.869613  8.249
 75    32.634 54833.90642137 23.29 202.271008  64.866503  8.249
 75    32.229 54833.90642202 23.07 202.268058  64.863393  8.249
 76    31.923 54868.90641521 14.49 202.288510  64.870533  4.295
 76    31.973 54868.90641585 13.12 202.285560  64.867433  4.295
 76    31.906 54868.90641650 13.33 202.282610  64.864323  4.295
 77    31.062 54903.90642983 17.90 202.268352  64.873309  6.492
 77    31.215 54903.90643047 18.71 202.265402  64.870199  6.492
 77    31.364 54903.90643112 18.87 202.262452  64.867089  6.492
 77    31.313 54903.90643176 17.89 202.259502  64.863979  6.492
 78    31.449 54938.90640642 10.50 202.282019  64.869035  3.086
 78    33.155 54938.90640707  9.55 202.279059  64.865935  3.086
 78    35.307 54938.90640771  8.12 202.276109  64.862825  3.086
 79    37.051 54973.90643747 53.13 202.278845  64.869879 39.407
 79    37.076 54973.90643811 51.60 202.275895  64.866769 39.407
 79    37.102 54973.90643876 49.84 202.272945  64.863659 39.407
 80    37.742 55008.90645126 21.63 202.275879  64.873707 26.793
 80    37.769 55008.90645191 19.50 202.272929  64.870607 26.793
 80    37.133 55008.90645255 19.03 202.269979  64.867497 26.793
 80    37.013 55008.90645319 21.12 202.267029  64.864387 26.793
 81    34.434 55043.90644169 41.26 202.277636  64.869375 32.730
 81    34.403 55043.90644233 41.85 202.274686  64.866265 32.730
 81    34.387 55043.90644298 44.45 202.271736  64.863155 32.730
 82    34.170 55078.90641859 39.78 202.269956  64.871666 17.107
 82    34.223 55078.90641924 31.70 202.267006  64.868556 17.107
 82    34.129 55078.90641988 37.95 202.264056  64.865446 17.107
 83    33.454 55113.90637395 34.48 202.282432  64.869966 24.096
 83    33.887 55113.90637459 18.07 202.279482  64.866856 24.096
 83    33.679 55113.90637524 16.06 202.276532  64.863756 24.096
 84    32.325 55148.90637423 28.31 202.275785  64.871592  7.124
 84    32.324 55148.90637488 27.69 202.272835  64.868482  7.124
 84    32.530 55148.90637552 28.02 202.269885  64.865372  7.124
 85    33.730 55183.90635607 21.58 202.287071  64.870523  5.029
 85    33.056 55183.90635671 21.09 202.284121  64.867423  5.029
 85    32.363 55183.90635736 22.67 202.281171  64.864313  5.029
 86    34.819 55218.90637158 18.53 202.275050  64.873780  4.948
 86    33.942 55218.90637222 20.70 202.272100  64.870680  4.948
 86    33.257 55218.90637287 18.59 202.269150  64.867570  4.948
 86    31.790 55218.90637351 18.92 202.266200  64.864460  4.948
 87    31.115 55253.90635248 19.59 202.285457  64.869690  5.147
 87    30.935 55253.90635312 20.32 202.282497  64.866580  5.147
 87    31.399 55253.90635377 19.07 202.279547  64.863470  5.147
 88    30.788 55288.90636164 14.64 202.268448  64.873114  3.725
 88    30.693 55288.90636228 14.46 202.265498  64.870004  3.725
 88    30.821 55288.90636293 12.97 202.262558  64.866894  3.725
 88    30.712 55288.90636357 13.07 202.259608  64.863784  3.725
 89    34.114 55323.90633931 42.32 202.276552  64.871953 25.283
 89    34.295 55323.90633995 39.37 202.273602  64.868853 25.283
 89    34.212 55323.90634060 34.91 202.270652  64.865743 25.283
 90    35.439 55358.90633817 17.05 202.273844  64.870515 22.007
 90    36.019 55358.90633881 13.76 202.270894  64.867405 22.007
 90    36.750 55358.90633946 14.65 202.267944  64.864295 22.007
 91    35.607 55393.90634165 36.09 202.282693  64.870656 28.532
 91    35.611 55393.90634230 23.73 202.279733  64.867546 28.532
 91    35.429 55393.90634294 18.41 202.276783  64.864436 28.532
 92    36.484 55428.90635360 44.57 202.279758  64.871149 25.465
 92    36.537 55428.90635424 41.15 202.276808  64.868049 25.465
 92    36.338 55428.90635489 39.41 202.273858  64.864939 25.465
 93    34.493 55463.90631692 26.84 202.269534  64.872344 19.307
 93    34.201 55463.90631756 21.27 202.266584  64.869234 19.307
 93    34.234 55463.90631821 18.74 202.263634  64.866124 19.307
 93    34.559 55463.90631885 14.37 202.260684  64.863014 19.307
