# NaN NaN NaN ;Mean Elev.(m), Avg Gradient(m/km), RMS Gradient(m/km) - SRTM1     
#   39.677   0.560  15.847 ;Mean Elev.(m), Avg Gradient(m/km), RMS Gradient(m/km) - ASTER GDEM
#   35.292  -2.057  12.983 ;Mean Elev.(m), Avg Gradient(m/km), RMS Gradient(m/km) - GMTED2010 
  6 202.275222  64.867710    37.874    37.866  3 52418.90647872 48.272
  7 202.269076  64.868599    41.717    41.660  3 52453.90650444 31.629
  8 202.273048  64.866783    34.880    34.872  3 52488.90648276 50.698
 10 202.275440  64.866520    33.754    33.852  3 52558.90650796 40.051
 11 202.265870  64.867446    31.019    31.030  4 52593.90650999 47.328
 12 202.289567  64.866253    32.949    32.927  3 52628.90643599 25.835
 13 202.271884  64.868675    32.212    32.208  3 52663.90647141 21.680
 14 202.292273  64.866182    32.319    32.191  3 52698.90644595 11.759
 15 202.278432  64.868579    33.665    33.911  3 52733.90647077 13.411
 16 202.258360  64.867945    35.690    35.670  3 52768.90647128 49.989
 17 202.287767  64.867296    37.165    37.196  3 52803.90649560 45.094
 18 202.283622  64.866543    35.538    35.538  2 52838.90655874 51.743
 19 202.279287  64.867224    35.314    35.314  2 52873.90659845 28.671
 20 202.272327  64.867581    33.788    33.801  3 52908.90657775 35.870
 21 202.294887  64.865903    31.945    31.934  3 52943.90650930 46.783
 22 202.280785  64.865751    31.953    31.670  3 52978.90656531 27.185
 23 202.266238  64.868353    34.219    34.383  4 53013.90656376 17.245
 24 202.283506  64.866525    32.500    32.142  3 53048.90653472 19.353
 25 202.262059  64.868323    30.736    30.800  3 53083.90657066 20.644
 26 202.278250  64.866738    34.252    33.798  3 53118.90654064 22.988
 27 202.272621  64.868234    37.310    37.257  3 53153.90659167 35.208
 28 202.282673  64.867799    35.439    35.519  3 53188.90658044 36.508
 29 202.272624  64.868703    34.495    34.517  3 53223.90659580 46.155
 30 202.258121  64.867145    33.166    33.149  3 53258.90657175 45.345
 31 202.276321  64.868746    31.801    31.769  3 53293.90659471 46.737
 32 202.275290  64.868672    30.850    30.814  3 53328.90656824 34.990
 33 202.269205  64.868593    31.474    31.498  3 53363.90652053 22.950
 34 202.278571  64.866634    31.355    31.416  3 53398.90654389 18.321
 35 202.269730  64.869793    30.800    30.797  4 53433.90653420 17.621
 36 202.282188  64.867435    30.961    30.998  3 53468.90657541 22.886
 38 202.271111  64.867419    36.975    36.940  3 53538.90661798 38.141
 39 202.264648  64.867553    36.193    36.305  4 53573.90661689 19.762
 40 202.259123  64.867976    35.060    35.043  4 53608.90656680 16.711
 41 202.284435  64.866810    34.837    34.837  2 53643.90656842 27.164
 42 202.268079  64.869306    32.476    32.474  4 53678.90658652 48.359
 43 202.268089  64.868614    32.683    32.717  4 53713.90651501 25.932
 44 202.293140  64.866180    32.096    32.096  2 53748.90642928 24.727
 45 202.275926  64.868426    31.677    31.392  3 53783.90646001 15.356
 46 202.260553  64.868472    31.415    31.387  3 53818.90642226 12.364
 47 202.276749  64.866672    33.554    31.289  3 53853.90650109  8.564
 48 202.282944  64.866904    37.381    37.381  2 53888.90650908 25.071
 49 202.266854  64.867900    36.850    36.639  4 53923.90657696 25.553
 50 202.260621  64.867131    35.107    35.096  4 53958.90656872 48.118
 51 202.296028  64.866398    34.722    34.722  2 53993.90649807 37.735
 52 202.285874  64.867213    34.583    34.755  3 54028.90655779 37.115
 53 202.274571  64.867178    31.377    31.395  3 54063.90655200 35.996
 54 202.263616  64.868203    32.376    31.474  4 54098.90651918 24.237
 55 202.283859  64.865791    31.208    31.233  3 54133.90647581 26.431
 57 202.283806  64.867431    30.750    30.799  3 54203.90647963 32.806
 58 202.277494  64.868525    34.206    34.219  3 54238.90651415 44.656
 59 202.274142  64.867634    35.321    35.442  3 54273.90653199 39.236
 60 202.275582  64.866569    34.821    34.755  3 54308.90653401 24.125
 61 202.265204  64.867936    35.111    35.122  3 54343.90651160 45.606
 62 202.281385  64.867914    34.587    34.712  3 54378.90646932 26.236
 63 202.270626  64.867679    31.202    31.248  3 54413.90645951 47.919
 64 202.284870  64.867849    31.962    31.936  3 54448.90643593 31.543
 65 202.277684  64.868514    31.486    31.519  3 54483.90645310 20.580
 66 202.282810  64.866724    31.012    31.012  2 54518.90644990 15.595
 68 202.277005  64.866051    31.055    31.028  3 54588.90644579 25.648
 69 202.272166  64.867613    36.020    36.087  3 54623.90646324 33.638
 70 202.273539  64.868299    35.398    35.356  3 54658.90647189 26.708
 71 202.269761  64.867938    36.101    36.088  4 54693.90645270 52.093
 72 202.280448  64.865680    34.419    34.421  3 54728.90642619 45.721
 73 202.274020  64.868167    33.702    33.710  3 54763.90643061 49.202
 74 202.284249  64.867048    33.261    33.261  2 54798.90641938 34.007
 75 202.272483  64.868055    32.833    32.613  4 54833.90642105 23.081
 76 202.285560  64.867430    31.934    31.923  3 54868.90641585 13.690
 77 202.263927  64.868644    31.239    31.264  4 54903.90643079 18.366
 78 202.279062  64.865932    33.304    33.155  3 54938.90640707  9.498
 79 202.275895  64.866769    37.076    37.076  3 54973.90643811 51.727
 80 202.271454  64.869049    37.414    37.438  4 55008.90645223 20.454
 81 202.274686  64.866265    34.408    34.403  3 55043.90644233 42.752
 82 202.267006  64.868556    34.174    34.170  3 55078.90641924 37.590
 83 202.279482  64.866859    33.673    33.679  3 55113.90637459 29.868
 84 202.272835  64.868482    32.393    32.325  3 55148.90637488 28.014
 85 202.284121  64.867420    33.050    33.056  3 55183.90635671 21.831
 86 202.270625  64.869123    33.452    33.599  4 55218.90637255 19.282
 87 202.282500  64.866580    31.150    31.115  3 55253.90635312 19.690
 88 202.264028  64.868449    30.754    30.750  4 55288.90636261 13.853
 89 202.273602  64.868850    34.207    34.212  3 55323.90633995 39.824
 90 202.270894  64.867405    36.069    36.019  3 55358.90633881 15.384
 91 202.279736  64.867546    35.549    35.607  3 55393.90634230 31.633
 92 202.276808  64.868046    36.453    36.484  3 55428.90635424 42.253
 93 202.265109  64.867679    34.372    34.364  4 55463.90631788 22.548
