#   28.581  -1.063  13.535 ;Mean Elev.(m), Avg Gradient(m/km), RMS Gradient(m/km)
  8    14.085 52489.31581650 37.25 199.977766  62.039241 36.542
  8    14.122 52489.31581715 46.84 199.975306  62.042391 36.542
  8    14.122 52489.31581779 49.31 199.972846  62.045531 36.542
  9    15.140 52524.31579301 25.00 199.979257  62.040385 31.714
  9    15.300 52524.31579365 26.60 199.976797  62.043525 31.714
  9    15.436 52524.31579430 30.26 199.974337  62.046675 31.714
 11    12.070 52594.31584469 44.80 199.971263  62.032112 25.750
 11    12.215 52594.31584534 37.97 199.968803  62.035262 25.750
 11    12.044 52594.31584598 35.51 199.966333  62.038412 25.750
 11    11.910 52594.31584663 29.85 199.963873  62.041552 25.750
 13    11.381 52664.31580709 18.74 199.972473  62.035856  5.543
 13    11.306 52664.31580773 18.84 199.970013  62.039006  5.543
 13    11.076 52664.31580837 18.34 199.967543  62.042156  5.543
 13    10.928 52664.31580902 17.66 199.965083  62.045306  5.543
 14    11.138 52699.31577969 34.88 199.973043  62.026804 25.489
 14    11.392 52699.31578033 41.38 199.970573  62.029944 25.489
 14    11.362 52699.31578098 47.53 199.968113  62.033094 25.489
 14    11.321 52699.31578162 40.59 199.965653  62.036244 25.489
 14    14.691 52699.31578226 32.23 199.963183  62.039394 25.489
 14    14.768 52699.31578291 35.24 199.960723  62.042534 25.489
 15    11.890 52734.31580902 19.84 199.979806  62.040573 10.744
 15    14.508 52734.31580967 19.34 199.977346  62.043723 10.744
 15    14.659 52734.31581031 18.46 199.974886  62.046873 10.744
 16    12.862 52769.31580502 50.68 199.979251  62.041403 29.836
 16    12.743 52769.31580567 48.17 199.976781  62.044553 29.836
 16    13.167 52769.31580631 40.41 199.974321  62.047703 29.836
 17    16.672 52804.31582612 41.28 199.988500  61.999750 40.916
 17    16.566 52804.31582676 41.27 199.986040  62.002890 40.916
 17    16.655 52804.31582741 44.17 199.983580  62.006040 40.916
 17    16.723 52804.31582805 48.87 199.981120  62.009190 40.916
 17    16.603 52804.31582870 54.75 199.978660  62.012340 40.916
 17    16.654 52804.31582934 54.80 199.976200  62.015490 40.916
 17    16.751 52804.31582999 54.67 199.973740  62.018630 40.916
 17    16.811 52804.31583063 52.38 199.971280  62.021780 40.916
 17    16.693 52804.31583127 51.55 199.968810  62.024930 40.916
 17    16.677 52804.31583192 47.37 199.966350  62.028080 40.916
 17    16.708 52804.31583256 39.27 199.963890  62.031220 40.916
 17    16.737 52804.31583321 34.20 199.961430  62.034370 40.916
 17    16.863 52804.31583385 37.99 199.958960  62.037520 40.916
 18    14.863 52839.31589473 38.31 199.970769  62.031538 35.976
 18    14.995 52839.31589538 37.69 199.968299  62.034688 35.976
 18    15.015 52839.31589602 35.43 199.965839  62.037828 35.976
 18    15.106 52839.31589667 40.94 199.963369  62.040978 35.976
 19    14.853 52874.31593444 45.78 199.971891  62.033074 37.470
 19    14.865 52874.31593509 42.87 199.969431  62.036224 37.470
 19    14.885 52874.31593573 31.29 199.966971  62.039374 37.470
 19    14.907 52874.31593638 38.87 199.964511  62.042514 37.470
 21    11.338 52944.31584562 49.12 199.971422  62.030616 22.197
 21    11.335 52944.31584626 50.95 199.968952  62.033766 22.197
 21    11.207 52944.31584691 46.91 199.966492  62.036916 22.197
 21    11.071 52944.31584755 32.13 199.964022  62.040066 22.197
 21    14.183 52944.31584820 29.20 199.961562  62.043206 22.197
 22    10.265 52979.31589905 18.15 199.971187  62.031537  6.584
 22    10.414 52979.31589970 16.82 199.968717  62.034687  6.584
 22    10.212 52979.31590034 16.57 199.966257  62.037837  6.584
 22    10.293 52979.31590099 15.34 199.963797  62.040977  6.584
 23    15.029 53014.31589846  9.44 199.973405  62.039697  4.498
 23    15.062 53014.31589911 10.33 199.970945  62.042837  4.498
 23    15.479 53014.31589975  9.05 199.968485  62.045987  4.498
 24    15.091 53049.31586717  6.80 199.976625  62.020854  3.411
 24    14.922 53049.31586782  6.52 199.974165  62.024004  3.411
 24    15.169 53049.31586846  6.55 199.971705  62.027154  3.411
 24    15.576 53049.31586911  5.42 199.969235  62.030304  3.411
 24    15.958 53049.31586975  5.28 199.966775  62.033454  3.411
 24    16.677 53049.31587040  4.62 199.964315  62.036594  3.411
 24    15.910 53049.31587104  4.83 199.961845  62.039744  3.411
 25    15.959 53084.31590569  4.40 199.971376  62.035519  2.561
 25    16.194 53084.31590633  4.34 199.968916  62.038669  2.561
 25    16.253 53084.31590698  4.33 199.966446  62.041819  2.561
 25    16.202 53084.31590762  4.61 199.963986  62.044969  2.561
 26    10.591 53119.31587052 36.49 199.985172  62.007490 20.457
 26    15.534 53119.31587116 32.90 199.982712  62.010640 20.457
 26    16.669 53119.31587181 28.10 199.980252  62.013790 20.457
 26    16.871 53119.31587245 34.23 199.977792  62.016930 20.457
 26    16.851 53119.31587310 38.68 199.975332  62.020080 20.457
 26    16.999 53119.31587374 29.94 199.972872  62.023230 20.457
 26    16.725 53119.31587439 28.05 199.970402  62.026380 20.457
 26    10.483 53119.31587503 30.15 199.967942  62.029530 20.457
 26    15.305 53119.31587567 31.59 199.965482  62.032670 20.457
 26    15.509 53119.31587632 33.86 199.963022  62.035820 20.457
 26    15.866 53119.31587696 30.32 199.960552  62.038970 20.457
 27    17.210 53154.31592348 43.56 199.981898  62.013131 39.528
 27    17.008 53154.31592412 44.78 199.979438  62.016281 39.528
 27    17.092 53154.31592477 45.05 199.976978  62.019431 39.528
 27    17.197 53154.31592541 50.94 199.974518  62.022581 39.528
 27    17.143 53154.31592606 51.15 199.972058  62.025731 39.528
 27    17.102 53154.31592670 49.36 199.969598  62.028871 39.528
 27    17.208 53154.31592735 46.36 199.967138  62.032021 39.528
 27    17.300 53154.31592799 52.94 199.964668  62.035171 39.528
 27    17.395 53154.31592864 50.12 199.962208  62.038321 39.528
 27    17.385 53154.31592928 50.44 199.959748  62.041471 39.528
 28    15.137 53189.31591805 26.60 199.974845  62.040543 29.372
 28    15.410 53189.31591870 30.26 199.972385  62.043683 29.372
 28    15.614 53189.31591934 45.70 199.969915  62.046833 29.372
 29    13.708 53224.31593083 37.42 199.978317  62.038230 32.217
 29    13.668 53224.31593147 31.33 199.975857  62.041370 32.217
 29    13.687 53224.31593212 41.53 199.973397  62.044520 32.217
 29    13.760 53224.31593276 37.02 199.970927  62.047670 32.217
 30    12.580 53259.31590613 29.88 199.976567  62.039487 30.603
 30    12.719 53259.31590678 40.92 199.974107  62.042637 30.603
 30    13.632 53259.31590742 29.23 199.971647  62.045777 30.603
 32     9.840 53329.31590454 25.67 199.974107  62.038178 15.271
 32     9.660 53329.31590518 22.79 199.971647  62.041328 15.271
 32     9.299 53329.31590583 20.75 199.969187  62.044478 15.271
 33    12.057 53364.31585621 15.40 199.981118  62.041901  5.509
 33    10.539 53364.31585686 15.27 199.978648  62.045051  5.509
 33    13.223 53364.31585750 13.78 199.976188  62.048201  5.509
 34    15.166 53399.31587840  9.21 199.971094  62.030835  3.280
 34    15.580 53399.31587904  8.70 199.968634  62.033985  3.280
 34    15.587 53399.31587969  8.65 199.966164  62.037135  3.280
 34    15.706 53399.31588033  7.30 199.963704  62.040285  3.280
 35    15.838 53434.31587021  8.60 199.980186  62.040123  2.867
 35    15.897 53434.31587085  8.61 199.977716  62.043273  2.867
 35    16.038 53434.31587150  8.83 199.975256  62.046423  2.867
 36     9.565 53469.31590650 24.07 199.986396  62.006166 11.116
 36     9.341 53469.31590715 19.14 199.983926  62.009316 11.116
 36     9.323 53469.31590779 14.11 199.981476  62.012456 11.116
 36     9.204 53469.31590843  9.80 199.979006  62.015606 11.116
 36     8.937 53469.31590908  8.57 199.976546  62.018756 11.116
 36     9.074 53469.31590972  5.91 199.974086  62.021906 11.116
 36     8.369 53469.31591037  5.57 199.971626  62.025056 11.116
 36     9.237 53469.31591101  5.65 199.969166  62.028196 11.116
 36    10.623 53469.31591166  3.50 199.966706  62.031346 11.116
 36    13.523 53469.31591230  2.56 199.964236  62.034496 11.116
 36    14.135 53469.31591295  1.98 199.961776  62.037646 11.116
 36    14.509 53469.31591359  1.88 199.959306  62.040786 11.116
 37    18.110 53504.31595529 48.11 199.972124  62.032642 40.628
 37    18.041 53504.31595594 41.97 199.969654  62.035792 40.628
 37    18.144 53504.31595658 36.31 199.967194  62.038942 40.628
 37    18.256 53504.31595723 49.99 199.964734  62.042092 40.628
 38    17.456 53539.31595464 23.85 199.971246  62.038352 35.252
 38    17.790 53539.31595529 25.47 199.968786  62.041502 35.252
 38    18.090 53539.31595593 39.01 199.966326  62.044642 35.252
 39    15.162 53574.31595186 28.36 199.972492  62.039286 42.563
 39    15.421 53574.31595250 47.03 199.970022  62.042436 42.563
 39    15.402 53574.31595315 49.02 199.967562  62.045586 42.563
 40    14.015 53609.31590171 24.83 199.981818  62.039090 32.744
 40    14.079 53609.31590235 30.44 199.979358  62.042240 32.744
 40    13.951 53609.31590300 29.94 199.976888  62.045390 32.744
 40    14.117 53609.31590364 43.04 199.974428  62.048530 32.744
 41    15.077 53644.31589783 52.38 199.986808  62.005067 33.714
 41    14.994 53644.31589847 47.41 199.984348  62.008217 33.714
 41    14.911 53644.31589912 31.99 199.981888  62.011367 33.714
 41    15.009 53644.31589976 29.30 199.979428  62.014517 33.714
 41    15.512 53644.31590041 29.43 199.976968  62.017657 33.714
 41    15.199 53644.31590105 34.12 199.974508  62.020807 33.714
 41    14.899 53644.31590169 28.21 199.972038  62.023957 33.714
 41    15.102 53644.31590234 30.29 199.969578  62.027107 33.714
 41    15.106 53644.31590298 35.06 199.967118  62.030247 33.714
 41    15.121 53644.31590363 39.98 199.964658  62.033397 33.714
 41    15.261 53644.31590427 42.38 199.962188  62.036547 33.714
 41    15.276 53644.31590492 42.68 199.959728  62.039697 33.714
 42    11.069 53679.31592137 50.56 199.971371  62.034866 22.704
 42    10.955 53679.31592201 34.72 199.968911  62.038016 22.704
 42    12.410 53679.31592266 31.87 199.966441  62.041166 22.704
 42    12.193 53679.31592330 26.42 199.963981  62.044316 22.704
 43    13.393 53714.31585053 16.02 199.981595  62.041414  9.598
 43    13.524 53714.31585117 16.02 199.979125  62.044564  9.598
 43    13.968 53714.31585182 13.99 199.976665  62.047714  9.598
 44    11.085 53749.31576293 12.93 199.973773  62.025137  4.220
 44    11.338 53749.31576358 13.21 199.971313  62.028287  4.220
 44    11.336 53749.31576422 12.29 199.968853  62.031427  4.220
 44    12.316 53749.31576487 11.55 199.966393  62.034577  4.220
 44    12.685 53749.31576551 10.91 199.963923  62.037727  4.220
 44    12.686 53749.31576616 11.50 199.961463  62.040877  4.220
 45    10.487 53784.31579606 27.87 199.977366  62.039680 19.309
 45    11.106 53784.31579670 25.13 199.974906  62.042830 19.309
 45    13.274 53784.31579735 22.55 199.972446  62.045980 19.309
 46    15.797 53819.31575733  9.93 199.986775  62.042930  4.625
 46    14.654 53819.31575798  9.66 199.984315  62.046080  4.625
 46    14.708 53819.31575862  9.45 199.981845  62.049230  4.625
 47     9.875 53854.31583100 17.11 199.987020  62.004880 11.841
 47     9.873 53854.31583164 16.68 199.984560  62.008030 11.841
 47    14.217 53854.31583229  9.01 199.982100  62.011180 11.841
 47    14.169 53854.31583293  6.85 199.979640  62.014330 11.841
 47    15.512 53854.31583357  4.89 199.977180  62.017470 11.841
 47    15.112 53854.31583422  4.20 199.974720  62.020620 11.841
 47    16.024 53854.31583486  3.19 199.972260  62.023770 11.841
 47    17.117 53854.31583551  1.93 199.969790  62.026920 11.841
 47    16.983 53854.31583615  3.62 199.967330  62.030070 11.841
 47    14.053 53854.31583680  5.73 199.964870  62.033210 11.841
 47    14.898 53854.31583744  5.21 199.962410  62.036360 11.841
 47    15.330 53854.31583809  5.39 199.959940  62.039510 11.841
 48    17.744 53889.31584635 27.97 199.976393  62.038963 30.025
 48    18.128 53889.31584700 27.58 199.973933  62.042103 30.025
 48    18.362 53889.31584764 27.69 199.971473  62.045253 30.025
 49    16.558 53924.31590574 37.11 199.989127  62.000098 26.893
 49    16.722 53924.31590639 30.19 199.986667  62.003248 26.893
 49    16.468 53924.31590703 29.37 199.984207  62.006398 26.893
 49    16.621 53924.31590767 37.30 199.981747  62.009548 26.893
 49    16.525 53924.31590832 37.16 199.979287  62.012698 26.893
 49    16.519 53924.31590896 26.90 199.976837  62.015838 26.893
 49    16.541 53924.31590961 29.74 199.974367  62.018988 26.893
 49    16.609 53924.31591025 26.95 199.971907  62.022138 26.893
 49    16.272 53924.31591090 26.98 199.969447  62.025288 26.893
 49    16.517 53924.31591154 25.62 199.966987  62.028438 26.893
 49    16.743 53924.31591219 30.95 199.964527  62.031578 26.893
 49    16.717 53924.31591283 36.45 199.962067  62.034728 26.893
 49    16.835 53924.31591348 45.28 199.959597  62.037878 26.893
 50    15.754 53959.31590316 27.92 199.971650  62.035867 30.168
 50    15.689 53959.31590380 28.55 199.969190  62.039017 30.168
 50    14.964 53959.31590445 36.04 199.966720  62.042167 30.168
 51    14.652 53994.31582746 42.16 199.989558  61.996433 35.522
 51    14.585 53994.31582811 43.37 199.987102  61.999583 34.719
 51    14.577 53994.31582875 39.37 199.984642  62.002723 34.719
 51    14.624 53994.31582940 41.47 199.982182  62.005873 34.719
 51    14.518 53994.31583004 30.81 199.979722  62.009023 34.719
 51    14.500 53994.31583069 27.97 199.977252  62.012173 34.719
 51    14.674 53994.31583133 32.98 199.974792  62.015323 34.719
 51    14.584 53994.31583198 39.75 199.972332  62.018463 34.719
 51    14.598 53994.31583262 37.34 199.969872  62.021613 34.719
 51    14.625 53994.31583327 38.40 199.967402  62.024763 34.719
 51    14.609 53994.31583391 44.60 199.964942  62.027913 34.719
 51    14.672 53994.31583456 49.34 199.962482  62.031053 34.719
 51    16.053 53994.31583520 34.73 199.960012  62.034203 34.719
 51    14.870 53994.31583585 39.62 199.957552  62.037353 34.719
 52    14.041 54029.31589229 34.90 199.972601  62.028456 25.672
 52    14.017 54029.31589293 37.04 199.970141  62.031606 25.672
 52    14.094 54029.31589358 41.84 199.967681  62.034746 25.672
 52    14.154 54029.31589422 42.83 199.965211  62.037896 25.672
 52    14.511 54029.31589486 38.03 199.962751  62.041046 25.672
 53    10.601 54064.31588770 23.80 199.977568  62.039130 12.435
 53    10.279 54064.31588834 25.83 199.975108  62.042280 12.435
 53     9.813 54064.31588899 25.78 199.972638  62.045430 12.435
 54    11.083 54099.31585385 12.89 199.980446  62.038722  6.927
 54    14.371 54099.31585450 11.97 199.977986  62.041872  6.927
 54    14.800 54099.31585514 11.98 199.975516  62.045022  6.927
 54    14.817 54099.31585579 11.32 199.973056  62.048172  6.927
 55    10.858 54134.31580893 18.49 199.976960  62.020139 17.326
 55    11.039 54134.31580958 16.05 199.974500  62.023289 17.326
 55    10.604 54134.31581022 19.40 199.972030  62.026439 17.326
 55    10.837 54134.31581086 13.51 199.969570  62.029589 17.326
 55    10.791 54134.31581151  8.89 199.967110  62.032729 17.326
 55    10.444 54134.31581215  7.52 199.964650  62.035879 17.326
 55    10.756 54134.31581280  6.84 199.962180  62.039029 17.326
 57    16.176 54204.31581090 26.73 199.984489  62.009614 17.707
 57    16.212 54204.31581154 22.92 199.982029  62.012764 17.707
 57    16.564 54204.31581218 22.21 199.979569  62.015914 17.707
 57    16.563 54204.31581283 26.70 199.977109  62.019054 17.707
 57    16.046 54204.31581347 21.68 199.974649  62.022204 17.707
 57    15.153 54204.31581412 24.80 199.972189  62.025354 17.707
 57     9.673 54204.31581476 21.35 199.969719  62.028504 17.707
 57     9.726 54204.31581541 21.34 199.967259  62.031654 17.707
 57    14.727 54204.31581605 21.30 199.964799  62.034794 17.707
 57    15.097 54204.31581670 23.74 199.962329  62.037944 17.707
 57    15.140 54204.31581734 20.91 199.959869  62.041094 17.707
 59    15.668 54274.31586828 29.35 199.972489  62.039046 25.476
 59    15.837 54274.31586892 40.64 199.970029  62.042196 25.476
 59    15.743 54274.31586957 49.14 199.967559  62.045346 25.476
 60    14.776 54309.31586960 26.52 199.971613  62.037714 26.418
 60    14.996 54309.31587025 29.66 199.969153  62.040864 26.418
 60    15.103 54309.31587089 34.96 199.966683  62.044014 26.418
 61    15.066 54344.31584682 23.62 199.980957  62.040514 32.794
 61    15.295 54344.31584747 24.53 199.978487  62.043654 32.794
 61    15.437 54344.31584811 34.47 199.976027  62.046804 32.794
 62    14.368 54379.31580447 50.06 199.970703  62.032170 25.418
 62    14.327 54379.31580512 37.24 199.968243  62.035320 25.418
 62    15.736 54379.31580576 29.05 199.965783  62.038470 25.418
 62    15.294 54379.31580641 31.19 199.963313  62.041620 25.418
 63    12.745 54414.31579445 37.26 199.975602  62.037635 20.694
 63    12.607 54414.31579510 31.65 199.973142  62.040785 20.694
 63    12.437 54414.31579574 27.01 199.970682  62.043935 20.694
 63    12.295 54414.31579639 25.45 199.968212  62.047085 20.694
 64    11.980 54449.31576878 18.46 199.978007  62.018458  8.289
 64    11.978 54449.31576942 19.55 199.975547  62.021608  8.289
 64    12.028 54449.31577007 21.21 199.973087  62.024758  8.289
 64    12.092 54449.31577071 23.42 199.970617  62.027908  8.289
 64    12.169 54449.31577136 24.50 199.968157  62.031058  8.289
 64    12.102 54449.31577200 22.56 199.965697  62.034198  8.289
 64    12.002 54449.31577265 19.80 199.963237  62.037348  8.289
 64    11.872 54449.31577329 16.60 199.960767  62.040498  8.289
 65    11.704 54484.31578876 15.88 199.973863  62.037055  4.527
 65    11.713 54484.31578940 15.54 199.971393  62.040205  4.527
 65    11.335 54484.31579005 14.42 199.968933  62.043355  4.527
 65    13.848 54484.31579069 14.15 199.966473  62.046495  4.527
 66    10.894 54519.31578526 10.93 199.970257  62.033058  3.752
 66    14.698 54519.31578590 10.58 199.967797  62.036208  3.752
 66    14.811 54519.31578655  9.72 199.965337  62.039348  3.752
 66    15.194 54519.31578719  9.08 199.962867  62.042498  3.752
 67    15.950 54554.31580111  7.92 199.976911  62.040941  3.422
 67    16.214 54554.31580176  7.63 199.974441  62.044091  3.422
 67    16.340 54554.31580240  8.35 199.971981  62.047231  3.422
 68    10.513 54589.31578147 13.27 199.971505  62.034079 14.494
 68    10.254 54589.31578212 13.65 199.969045  62.037229 14.494
 68    10.095 54589.31578276 13.48 199.966585  62.040369 14.494
 68     9.902 54589.31578341 13.59 199.964115  62.043519 14.494
 69    16.638 54624.31579957 27.01 199.972656  62.039762 33.269
 69    16.796 54624.31580021 35.53 199.970196  62.042902 33.269
 69    16.926 54624.31580086 47.14 199.967726  62.046052 33.269
 70    15.425 54659.31580757 44.60 199.971186  62.036167 25.757
 70    15.425 54659.31580822 49.97 199.968719  62.039315 32.510
 70    15.431 54659.31580886 47.84 199.966259  62.042455 32.510
 71    15.933 54694.31578806 38.41 199.976738  62.039044 38.514
 71    15.942 54694.31578871 47.70 199.974268  62.042194 38.514
 71    16.029 54694.31578935 46.39 199.971808  62.045344 38.514
 72    14.991 54729.31576123 20.66 199.971117  62.031909 23.853
 72    15.193 54729.31576187 23.36 199.968657  62.035059 23.853
 72    14.553 54729.31576252 32.69 199.966197  62.038209 23.853
 72    14.528 54729.31576316 38.17 199.963727  62.041349 23.853
 73    13.385 54764.31576565 37.85 199.972469  62.037325 22.936
 73    13.314 54764.31576630 41.87 199.969999  62.040475 22.936
 73    13.342 54764.31576694 36.94 199.967539  62.043615 22.936
 74    13.582 54799.31574959 12.35 199.985863  62.006878  7.031
 74    13.659 54799.31575023 12.81 199.983403  62.010018  7.031
 74    13.766 54799.31575088 14.42 199.980943  62.013168  7.031
 74    13.573 54799.31575152 15.22 199.978483  62.016318  7.031
 74    13.539 54799.31575217 17.59 199.976023  62.019468  7.031
 74    13.581 54799.31575281 17.38 199.973563  62.022608  7.031
 74    13.574 54799.31575346 17.93 199.971103  62.025758  7.031
 74    13.551 54799.31575410 17.89 199.968643  62.028908  7.031
 74    13.486 54799.31575475 18.31 199.966173  62.032058  7.031
 74    13.369 54799.31575539 18.91 199.963713  62.035198  7.031
 74    13.484 54799.31575604 17.70 199.961253  62.038348  7.031
 75    15.683 54834.31575706  6.20 199.971847  62.039617  3.490
 75    15.770 54834.31575770  5.67 199.969387  62.042757  3.490
 75    15.476 54834.31575835  6.35 199.966927  62.045907  3.490
 76    17.169 54869.31574960  6.26 199.975496  62.022386  2.125
 76    16.782 54869.31575025  6.63 199.973036  62.025536  2.125
 76    16.419 54869.31575089  6.39 199.970566  62.028686  2.125
 76    16.521 54869.31575154  6.58 199.968106  62.031836  2.125
 76    16.559 54869.31575218  6.78 199.965646  62.034976  2.125
 76    16.580 54869.31575283  6.45 199.963186  62.038126  2.125
 76    16.429 54869.31575347  6.76 199.960716  62.041276  2.125
 77    16.754 54904.31576616  7.59 199.976415  62.040379  2.064
 77    16.878 54904.31576680  7.26 199.973945  62.043529  2.064
 77    17.006 54904.31576744  7.64 199.971485  62.046669  2.064
 78    16.762 54939.31574275  7.70 199.971478  62.031639  2.327
 78    16.929 54939.31574340  7.06 199.969018  62.034789  2.327
 78    17.004 54939.31574404  6.92 199.966552  62.037936  2.413
 78    16.928 54939.31574469  7.00 199.964092  62.041076  2.413
 79    19.338 54974.31577444 49.20 199.970217  62.036763 44.858
 79    19.385 54974.31577509 52.92 199.967757  62.039903 44.858
 79    19.466 54974.31577573 51.99 199.965297  62.043053 44.858
 80    16.942 55009.31578823 26.28 199.972418  62.039855 35.028
 80    17.163 55009.31578888 36.62 199.969958  62.043005 35.028
 80    17.243 55009.31578952 47.49 199.967498  62.046145 35.028
 81    15.695 55044.31577802 25.79 199.971737  62.037682 20.978
 81    15.544 55044.31577866 26.13 199.969277  62.040832 20.978
 81    15.644 55044.31577931 25.68 199.966817  62.043972 20.978
 82    13.470 55079.31575492 34.62 199.977820  62.040984 20.560
 82    13.441 55079.31575557 33.68 199.975350  62.044134 20.560
 82    13.914 55079.31575621 41.34 199.972890  62.047284 20.560
 83    16.242 55114.31570963 26.54 199.970488  62.034540 23.535
 83    16.326 55114.31571028 28.94 199.968018  62.037690 23.535
 83    16.146 55114.31571092 28.70 199.965558  62.040840 23.535
 83    15.132 55114.31571157 31.69 199.963098  62.043990 23.535
 84    10.944 55149.31571056 21.48 199.970571  62.039514 19.517
 84    10.505 55149.31571121 19.04 199.968111  62.042664 19.517
 84     9.889 55149.31571185 18.51 199.965651  62.045804 19.517
 85    10.300 55184.31568982 19.28 199.977385  62.019451  6.591
 85    10.384 55184.31569047 19.07 199.974925  62.022591  6.591
 85    10.507 55184.31569111 18.21 199.972465  62.025741  6.591
 85    10.604 55184.31569176 16.37 199.970005  62.028891  6.591
 85    10.714 55184.31569240 14.75 199.967535  62.032041  6.591
 85    10.583 55184.31569304 13.77 199.965075  62.035191  6.591
 85    10.336 55184.31569369 12.47 199.962615  62.038331  6.591
 85     9.853 55184.31569433 12.62 199.960145  62.041481  6.591
 86    13.043 55219.31570855 13.02 199.972541  62.040317  4.884
 86    13.425 55219.31570920 11.94 199.970081  62.043467  4.884
 86    12.822 55219.31570984 11.57 199.967621  62.046607  4.884
 87    14.666 55254.31568817 13.90 199.971528  62.031928  4.296
 87    15.183 55254.31568881 13.40 199.969068  62.035068  4.296
 87    16.051 55254.31568945 13.17 199.966608  62.038218  4.296
 87    15.811 55254.31569010 12.80 199.964138  62.041368  4.296
 88    15.670 55289.31569797  9.89 199.978951  62.039199  5.237
 88    15.673 55289.31569861  9.59 199.976491  62.042349  5.237
 88    15.526 55289.31569926  9.84 199.974021  62.045499  5.237
 88    15.201 55289.31569990 10.26 199.971561  62.048639  5.237
 89    11.661 55324.31567628 38.18 199.970890  62.036886 23.738
 89    11.695 55324.31567693 36.30 199.968430  62.040036 23.738
 89    16.333 55324.31567757 35.27 199.965970  62.043176 23.738
 90    14.338 55359.31567450 25.60 199.972878  62.038875 29.015
 90    14.353 55359.31567514 25.81 199.970418  62.042025 29.015
 90    14.382 55359.31567579 28.22 199.967958  62.045165 29.015
 91    15.046 55394.31567734 18.84 199.972051  62.031126 32.420
 91    15.060 55394.31567798 27.36 199.969581  62.034276 32.420
 91    15.134 55394.31567863 32.23 199.967121  62.037426 32.420
 91    15.191 55394.31567927 34.82 199.964661  62.040566 32.420
 91    15.262 55394.31567992 44.02 199.962191  62.043716 32.420
 92    16.441 55429.31568993 43.43 199.973097  62.036918 41.296
 92    16.395 55429.31569057 45.98 199.970637  62.040068 41.296
 92    16.521 55429.31569122 49.09 199.968177  62.043218 41.296
 93    14.364 55464.31565325 21.78 199.980972  62.042123 24.878
 93    14.450 55464.31565389 26.04 199.978502  62.045273 24.878
 93    14.591 55464.31565454 26.73 199.976042  62.048423 24.878
