# NaN NaN NaN ;Mean Elev.(m), Avg Gradient(m/km), RMS Gradient(m/km) - SRTM1     
#   32.125  -1.063  13.535 ;Mean Elev.(m), Avg Gradient(m/km), RMS Gradient(m/km) - ASTER GDEM
#   10.653  -0.993   4.795 ;Mean Elev.(m), Avg Gradient(m/km), RMS Gradient(m/km) - GMTED2010 
  8 199.975306  62.042388    14.110    14.122  3 52489.31581715 46.657
  9 199.976797  62.043528    15.292    15.300  3 52524.31579365 27.865
 11 199.967568  62.036834    12.060    12.057  4 52594.31584566 40.106
 13 199.968778  62.040581    11.173    11.191  4 52664.31580805 18.419
 14 199.966882  62.034669    12.445    12.657  6 52699.31578130 41.757
 15 199.977346  62.043723    13.686    14.508  3 52734.31580967 19.250
 16 199.976784  62.044553    12.924    12.862  3 52769.31580567 48.097
 17 199.973735  62.018633    16.701    16.692 13 52804.31582999 50.357
 18 199.967069  62.036258    14.995    15.005  4 52839.31589570 38.537
 19 199.968201  62.037796    14.878    14.875  4 52874.31593541 42.192
 21 199.966491  62.036915    11.827    11.333  5 52944.31584691 47.121
 22 199.967489  62.036259    10.296    10.279  4 52979.31590002 16.835
 23 199.970945  62.042840    15.190    15.062  3 53014.31589911  9.640
 24 199.969238  62.030300    15.615    15.575  7 53049.31586911  5.796
 25 199.967681  62.040244    16.152    16.198  4 53084.31590666  4.421
 26 199.972867  62.023230    15.219    16.363 11 53119.31587374 33.511
 27 199.970824  62.027301    17.204    17.196 10 53154.31592638 49.440
 28 199.972382  62.043686    15.387    15.410  3 53189.31591870 41.103
 29 199.974624  62.042947    13.706    13.697  4 53224.31593179 38.152
 30 199.974107  62.042634    12.977    12.719  3 53259.31590678 36.742
 32 199.971647  62.041328     9.600     9.660  3 53329.31590518 23.541
 33 199.978651  62.045051    11.939    12.057  3 53364.31585686 14.876
 34 199.967399  62.035560    15.510    15.584  4 53399.31587936  8.520
 35 199.977719  62.043273    15.924    15.897  3 53434.31587085  8.681
 36 199.972855  62.023478    10.487    10.314 12 53469.31591005 15.209
 37 199.968426  62.037367    18.138    18.127  4 53504.31595626 46.639
 38 199.968786  62.041499    17.779    17.790  3 53539.31595529 34.552
 39 199.970025  62.042436    15.328    15.402  3 53574.31595250 46.400
 40 199.978123  62.043812    14.041    14.047  4 53609.31590268 37.508
 41 199.973271  62.022382    15.122    15.075 12 53644.31590137 43.752
 42 199.967676  62.039591    11.657    11.631  4 53679.31592233 44.724
 43 199.979128  62.044564    13.629    13.524  3 53714.31585117 15.443
 44 199.967619  62.033006    11.908    11.885  6 53749.31576454 12.142
 45 199.974906  62.042830    11.623    11.106  3 53784.31579670 25.713
 46 199.984312  62.046080    15.053    14.708  3 53819.31575798  9.684
 47 199.973485  62.022196    14.430    14.649 12 53854.31583454 10.445
 48 199.973933  62.042106    18.078    18.128  3 53889.31584700 27.750
 49 199.974367  62.018990    16.588    16.582 13 53924.31590961 36.628
 50 199.969187  62.039017    15.469    15.689  3 53959.31590380 32.515
 51 199.973561  62.016893    14.724    14.624 14 53994.31583165 41.829
 52 199.967677  62.034750    14.163    14.094  5 54029.31589358 39.909
 53 199.975105  62.042280    10.231    10.279  3 54064.31588834 25.234
 54 199.976751  62.043447    13.768    14.585  4 54099.31585482 12.076
 55 199.969571  62.029585    10.761    10.807  7 54134.31581086 15.327
 57 199.972183  62.025354    14.643    15.650 11 54204.31581412 23.596
 59 199.970026  62.042196    15.749    15.743  3 54274.31586892 44.982
 60 199.969150  62.040864    14.958    14.996  3 54309.31587025 31.767
 61 199.978490  62.043657    15.266    15.295  3 54344.31584747 30.431
 62 199.967010  62.036895    14.931    14.831  4 54379.31580544 44.346
 63 199.971909  62.042360    12.521    12.522  4 54414.31579542 32.808
 64 199.969389  62.029479    12.028    12.018  8 54449.31577103 21.444
 65 199.970166  62.041777    12.150    11.708  4 54484.31578973 15.058
 66 199.966564  62.037778    13.899    14.755  4 54519.31578623 10.137
 67 199.974444  62.044088    16.168    16.214  3 54554.31580176  7.977
 68 199.967812  62.038799    10.191    10.175  4 54589.31578244 13.500
 69 199.970193  62.042905    16.786    16.796  3 54624.31580021 42.698
 70 199.968721  62.039312    15.427    15.425  3 54659.31580822 47.993
 71 199.974271  62.042194    15.968    15.942  3 54694.31578871 45.618
 72 199.967424  62.036631    14.816    14.772  4 54729.31576220 33.401
 73 199.970002  62.040472    13.347    13.342  3 54764.31576630 39.448
 74 199.973562  62.022612    13.560    13.581 11 54799.31575281 16.889
 75 199.969387  62.042760    15.643    15.683  3 54834.31575770  6.083
 76 199.968107  62.031832    16.637    16.640  7 54869.31575154  6.554
 77 199.973948  62.043526    16.879    16.878  3 54904.31576680  7.500
 78 199.967785  62.036360    16.906    16.929  4 54939.31574372  7.181
 79 199.967757  62.039906    19.397    19.385  3 54974.31577509 51.635
 80 199.969958  62.043002    17.116    17.163  3 55009.31578888 43.091
 81 199.969277  62.040829    15.628    15.644  3 55044.31577866 25.871
 82 199.975353  62.044134    13.608    13.470  3 55079.31575557 37.981
 83 199.966791  62.039265    15.962    16.194  4 55114.31571060 29.359
 84 199.968111  62.042661    10.446    10.505  3 55149.31571121 19.879
 85 199.968769  62.030465    10.410    10.508  8 55184.31569208 16.588
 86 199.970081  62.043464    13.097    13.043  3 55219.31570920 12.221
 87 199.967835  62.036645    15.428    15.497  4 55254.31568913 13.336
 88 199.975256  62.043922    15.517    15.598  4 55289.31569894  9.902
 89 199.968430  62.040033    13.229    11.695  3 55324.31567693 36.754
 90 199.970418  62.042022    14.358    14.353  3 55359.31567514 26.714
 91 199.967121  62.037421    15.139    15.130  5 55394.31567863 37.862
 92 199.970637  62.040068    16.452    16.441  3 55429.31569057 46.775
 93 199.978505  62.045273    14.468    14.450  3 55464.31565389 25.329
