# NaN NaN NaN ;Mean Elev.(m), Avg Gradient(m/km), RMS Gradient(m/km) - SRTM1     
#   -7.181  -1.001   2.786 ;Mean Elev.(m), Avg Gradient(m/km), RMS Gradient(m/km) - ASTER GDEM
#    4.649  -0.006   1.072 ;Mean Elev.(m), Avg Gradient(m/km), RMS Gradient(m/km) - GMTED2010 
  6 197.585507  61.928094     8.639     8.624  4 52440.91310637 19.119
  7 197.589696  61.927335     6.784     6.743  5 52475.91310342 43.132
  8 197.592064  61.926145     6.221     6.197  4 52510.91305736 51.070
  9 197.603528  61.923909     7.039     7.109  4 52545.91307556 18.280
 10 197.595881  61.926628     4.574     4.602  4 52580.91309958 46.637
 11 197.583337  61.930182     5.109     5.286  4 52615.91306879 36.965
 12 197.601997  61.923894     5.382     5.480  4 52650.91304670 14.662
 13 197.590304  61.926184     6.803     6.825  4 52685.91303571 13.481
 14 197.593776  61.926035     6.509     6.566  4 52720.91308581 18.370
 15 197.578534  61.931976     3.721     3.705  4 52755.91310873 34.226
 16 197.606305  61.924613     7.659     7.625  4 52790.91305846 20.174
 17 197.604890  61.925078     7.752     7.763  3 52825.91312778 49.807
 18 197.605184  61.924659     8.136     8.117  3 52860.91317355 48.288
 19 197.590238  61.928177     8.061     8.091  4 52895.91320375 25.216
 20 197.581535  61.930760     6.675     6.189  5 52930.91315180 20.561
 21 197.604954  61.923699     3.427     3.429  4 52965.91314782 29.405
 22 197.586802  61.928502     6.084     6.668  4 53000.91317889 13.333
 23 197.582938  61.930105     6.592     6.624  4 53035.91312782  9.582
 24 197.594485  61.926684     5.052     5.050  4 53070.91314912 13.737
 25 197.580016  61.931543     7.162     7.190  4 53105.91312891 37.411
 26 197.599580  61.924714     7.662     7.621  4 53140.91315617 18.744
 28 197.589914  61.926025     6.192     6.197  4 53210.91320591 30.082
 29 197.589886  61.926937     5.949     5.942  4 53245.91317386 49.879
 30 197.602518  61.925996     4.167     4.198  4 53280.91315817 32.212
 31 197.597512  61.926209     2.993     2.991  4 53315.91317155 25.285
 32 197.593032  61.926672     4.234     3.891  4 53350.91313729 19.756
 33 197.602721  61.924706     6.696     6.730  4 53385.91312077 14.716
 34 197.599619  61.924941     7.131     7.177  4 53420.91312467 10.905
 35 197.609502  61.925207     6.333     6.117  4 53455.91312987  7.934
 36 197.589506  61.927787     4.982     5.036  4 53490.91321509 33.496
 37 197.597044  61.924981     9.716     9.674  4 53525.91319847 24.012
 38 197.585600  61.929519     8.047     8.049  4 53560.91322618 24.430
 39 197.591193  61.926787     6.562     6.538  4 53595.91316517 39.513
 40 197.602807  61.926142     6.721     6.699  4 53630.91315891 23.829
 41 197.591445  61.926778     6.156     6.137  5 53665.91318232 51.256
 43 197.585766  61.928591     7.279     7.260  5 53735.91305595  8.689
 44 197.602581  61.924925     6.974     6.949  4 53770.91304746  7.929
 45 197.589716  61.927808     7.351     7.329  5 53805.91303931  6.454
 47 197.598386  61.924485     6.426     6.412  4 53875.91310696 36.433
 48 197.591433  61.926296     8.439     8.354  4 53910.91315494 24.405
 49 197.584616  61.929255     8.202     8.233  5 53945.91317344 27.215
 50 197.585183  61.928450     7.943     8.009  5 53980.91311947 27.741
 51 197.605725  61.923513     5.934     5.914  4 54015.91314046 36.300
 52 197.602083  61.925345     3.639     3.635  4 54050.91314077 36.200
 53 197.591131  61.927677     4.143     4.061  4 54085.91313282 13.776
 54 197.580144  61.931375     7.909     7.849  5 54120.91305841 10.268
 55 197.592624  61.925434     5.279     4.703  4 54155.91309188 13.150
 56 197.583283  61.928641     6.476     7.210  5 54190.91305642 11.586
 57 197.595755  61.925902     5.171     5.180  4 54225.91310277 37.221
 58 197.596192  61.927110     7.813     7.816  4 54260.91312251 47.950
 59 197.594506  61.926642     7.206     7.145  4 54295.91312698 25.759
 60 197.591334  61.927363     7.800     7.836  5 54330.91311891 20.269
 61 197.583761  61.928947     6.295     6.239  5 54365.91306246 48.708
 62 197.594820  61.926297     4.440     4.452  5 54400.91306099 45.140
 63 197.586451  61.928236     5.575     6.437  5 54435.91301822 37.405
 64 197.601025  61.924358     5.086     4.821  4 54470.91304525 15.255
 65 197.586218  61.928662     5.806     5.890  5 54505.91303125 10.646
 66 197.595652  61.927261     7.356     7.336  4 54540.91305970  9.425
 67 197.585190  61.928265     7.851     7.942  4 54575.91303259 14.694
 68 197.594082  61.926413     9.961     9.894  5 54610.91305163 29.529
 69 197.593205  61.926708     8.011     7.960  4 54645.91305917 36.048
 70 197.591826  61.926990     7.984     7.916  5 54680.91306021 23.159
 71 197.585541  61.929477     7.168     7.206  5 54715.91300970 31.518
 72 197.598140  61.926980     7.090     6.976  4 54750.91303127 17.130
 73 197.588745  61.928674     3.957     3.963  4 54785.91299921 28.003
 74 197.599279  61.926316     6.435     6.945  4 54820.91302458 13.397
 75 197.589212  61.927413     7.663     7.702  5 54855.91299560  7.788
 76 197.590019  61.926083     8.424     8.424  4 54890.91302885 10.904
 77 197.581863  61.929276     8.648     8.701  5 54925.91299417  9.021
 78 197.596840  61.926984     6.444     6.461  4 54960.91302650 43.342
 79 197.590586  61.926323     9.275     9.208  4 54995.91304845 21.954
 80 197.592570  61.927302     7.526     7.565  4 55030.91303799 34.299
 81 197.591508  61.927966     5.738     5.744  4 55065.91302784 29.796
 82 197.581924  61.930780     5.611     5.577  5 55100.91296973 48.119
 83 197.596776  61.925937     3.437     3.453  5 55135.91297385 40.378
 84 197.587421  61.928445     3.238     3.442  5 55170.91293639 22.758
 85 197.597771  61.926457     5.688     5.499  4 55205.91296707 17.043
 86 197.585055  61.929355     7.021     7.308  5 55240.91294229 15.300
 87 197.590178  61.926931     7.226     7.248  5 55275.91296116  8.132
 88 197.586261  61.929320     5.739     5.981  5 55310.91292621 19.996
 89 197.593010  61.925801     7.741     7.417  4 55345.91293034 32.156
 90 197.589646  61.927454     6.365     6.359  4 55380.91292303 50.449
 91 197.598775  61.925358     7.735     7.795  4 55415.91294967 21.572
 92 197.589691  61.928130     7.765     7.768  4 55450.91293407 41.267
 93 197.582895  61.929253     4.568     4.591  4 55485.91285837 24.752
