# NaN NaN NaN ;Mean Elev.(m), Avg Gradient(m/km), RMS Gradient(m/km) - SRTM1     
#   98.268  -0.187   5.550 ;Mean Elev.(m), Avg Gradient(m/km), RMS Gradient(m/km) - ASTER GDEM
#   94.105  -0.719   0.840 ;Mean Elev.(m), Avg Gradient(m/km), RMS Gradient(m/km) - GMTED2010 
  6 211.468756  66.160959    96.105    96.058 13 52419.88425221 51.581
  7 211.470926  66.169506    93.470    93.474 12 52454.88427503 49.842
  8 211.467912  66.160287    93.496    93.433 14 52489.88425271 52.698
  9 211.469454  66.175176    93.593    93.572  9 52524.88422791 24.279
 10 211.468024  66.157928    91.591    91.478 13 52559.88428016 50.785
 11 211.472217  66.174200    92.298    92.291 10 52594.88428293 25.201
 12 211.470694  66.150499    91.748    91.698 10 52629.88421873 18.288
 13 211.471420  66.168073    91.951    91.950 11 52664.88424558 12.298
 14 211.477627  66.151418    94.593    94.668  6 52699.88422166 11.297
 15 211.466497  66.159752    93.556    93.356 12 52734.88425088 10.814
 16 211.467358  66.175711    96.041    96.036  8 52769.88423805 37.468
 17 211.470869  66.151658    94.163    94.098 11 52804.88427651 52.763
 18 211.470836  66.154345    93.301    93.194 12 52839.88433760 51.660
 19 211.470150  66.158699    92.760    92.674 13 52874.88437616 22.164
 20 211.470410  66.166486    91.786    91.706 10 52909.88434757 49.687
 21 211.482575  66.153834    90.962    90.986  5 52944.88428929 49.389
 23 211.471384  66.174070    91.609    91.746 10 53014.88433332 16.535
 24 211.471320  66.153331    92.414    92.684 12 53049.88431059 15.282
 25 211.468014  66.175726    91.570    91.562  8 53084.88434273 10.997
 26 211.470900  66.159018    90.968    90.795 13 53119.88431573 26.245
 27 211.469316  66.164540    95.860    95.832 13 53154.88436729 52.178
 28 211.470922  66.157938    93.164    93.097 13 53189.88435851 47.202
 29 211.468891  66.164827    92.645    92.569 11 53224.88436827 51.571
 30 211.468162  66.177401    91.655    91.741  8 53259.88434078 44.197
 31 211.467567  66.161135    90.917    90.751 14 53294.88437118 49.721
 32 211.466554  66.160324    90.951    90.817 14 53329.88434444 22.849
 33 211.473514  66.174295    91.241    91.187 10 53364.88429180 12.333
 35 211.472947  66.173348    91.433    91.410 10 53434.88430679  9.724
 36 211.470642  66.157472    92.299    93.036 13 53469.88435433 10.436
 37 211.471621  66.170319    95.411    95.451 11 53504.88439270 42.539
 38 211.470371  66.167147    95.266    94.971 11 53539.88439319 21.295
 39 211.470501  66.173944    93.353    93.351 10 53574.88438732 50.379
 40 211.469165  66.178606    92.258    92.220  8 53609.88433703 39.270
 41 211.472955  66.155034    93.250    92.747 13 53644.88434410 27.700
 42 211.471948  66.173954    91.065    91.128  9 53679.88435817 44.493
 43 211.472255  66.172854    91.974    91.995 11 53714.88428642 20.923
 44 211.480666  66.154016    91.250    91.276  6 53749.88420552 24.515
 45 211.465622  66.159262    91.309    91.221 12 53784.88423547 13.784
 46 211.467709  66.176417    91.532    91.517  8 53819.88419197 11.915
 47 211.469246  66.159980    90.314    90.231 13 53854.88427756 18.422
 48 211.470758  66.155732    96.016    95.851 13 53889.88428792 20.512
 49 211.472953  66.173681    94.058    94.060 10 53924.88435006 43.937
 50 211.468503  66.175759    92.885    92.886  8 53959.88433915 29.149
 51 211.482510  66.152170    92.374    92.385  5 53994.88427733 51.293
 52 211.472167  66.154067    91.358    91.284 11 54029.88433449 48.917
 53 211.466031  66.160363    91.185    91.050 13 54064.88432745 24.351
 54 211.470627  66.175396    91.528    91.588  9 54099.88428967 21.649
 55 211.471090  66.154447    90.868    90.817 12 54134.88425337 14.944
 57 211.473837  66.157573    89.868    89.748 13 54204.88425723 17.038
 58 211.468641  66.160718    92.093    92.050 13 54239.88429074 50.943
 59 211.465557  66.159211    93.496    93.394 12 54274.88430761 23.765
 61 211.469202  66.173255    92.802    92.785  9 54344.88428262 42.024
 62 211.471517  66.157728    91.786    91.631 13 54379.88424540 38.090
 63 211.471150  66.169390    91.281    91.339 12 54414.88423169 44.258
 64 211.472957  66.156058    91.877    91.485 12 54449.88421315 13.607
 65 211.467652  66.159065    91.764    91.635 13 54484.88422851 11.771
 66 211.470460  66.155588    92.759    92.823 13 54519.88422687  8.762
 67 211.472804  66.174849    91.586    91.574 10 54554.88423684  6.952
 68 211.469955  66.159660    91.360    91.209 13 54589.88422186 33.374
 69 211.469597  66.165734    94.084    94.069 12 54624.88423778 50.380
 70 211.468217  66.162854    94.095    94.023 12 54659.88424678 51.300
 71 211.472679  66.171575    94.055    94.085 13 54694.88422422 51.192
 72 211.472771  66.158597    92.820    92.638 13 54729.88420215 25.585
 73 211.467638  66.161788    92.167    92.044 13 54764.88420455 44.002
 74 211.470551  66.154406    92.009    91.922 12 54799.88419671 33.867
 75 211.468948  66.164710    91.928    91.844 12 54834.88419495 12.589
 76 211.471398  66.154133    92.611    92.135 12 54869.88419391 12.023
 77 211.470326  66.176067    92.193    92.179  9 54904.88420194  9.066
 78 211.469771  66.156968    92.822    93.466 13 54939.88418479  7.746
 79 211.468377  66.160261    95.099    94.907 13 54974.88421435 26.166
 80 211.470755  66.168375    95.724    96.184 12 55009.88422535 26.153
 81 211.468149  66.159929    92.012    91.931 13 55044.88421731 36.847
 82 211.471922  66.174666    93.347    93.360  9 55079.88419013 50.938
 83 211.469831  66.157259    91.861    91.730 13 55114.88415011 49.241
 84 211.468966  66.164988    91.623    91.410 11 55149.88414845 35.002
 85 211.473360  66.157621    91.619    91.520 13 55184.88413368 25.888
 86 211.471799  66.170149    91.593    91.582 11 55219.88414536 12.518
 87 211.469469  66.154941    92.308    92.514 12 55254.88413047 11.775
 88 211.470326  66.175378    91.853    91.828  9 55289.88413375  9.428
 89 211.467001  66.162223    95.131    95.116 11 55324.88411528 45.930
 90 211.471362  66.168697    93.021    92.641 12 55359.88411186 31.104
 91 211.469566  66.157344    93.792    93.620 13 55394.88411875 21.947
 92 211.468677  66.160075    93.520    93.469 14 55429.88412893 49.878
 93 211.470598  66.174832    92.198    92.269  9 55464.88408844 36.784
