# NaN NaN NaN ;Mean Elev.(m), Avg Gradient(m/km), RMS Gradient(m/km) - SRTM1     
#   55.852  -0.838   7.204 ;Mean Elev.(m), Avg Gradient(m/km), RMS Gradient(m/km) - ASTER GDEM
#   45.033  -1.790   4.065 ;Mean Elev.(m), Avg Gradient(m/km), RMS Gradient(m/km) - GMTED2010 
  6 205.375363  64.928933    50.565    50.515  5 52420.29445239 50.862
  7 205.382639  64.927314    48.145    48.100  6 52455.29447586 22.486
  8 205.395767  64.924820    48.333    48.254  7 52490.29444999 47.577
 10 205.375659  64.928438    46.590    46.596  6 52560.29447873 43.780
 11 205.378861  64.928244    44.072    44.134  5 52595.29448601 44.704
 12 205.374832  64.929212    46.093    46.115  5 52630.29441988 26.010
 14 205.376199  64.928454    46.913    46.940  6 52700.29442056 10.879
 15 205.397272  64.924273    49.230    48.988  6 52735.29445170  5.893
 16 205.401458  64.923312    49.967    49.842  6 52770.29443759 41.864
 17 205.365495  64.932045    48.723    48.748  4 52805.29447831 32.191
 18 205.375799  64.928664    48.536    48.525  6 52840.29453843 49.745
 19 205.378992  64.927937    48.180    48.261  6 52875.29457731 40.793
 20 205.401946  64.924371    46.872    46.862  7 52910.29454614 50.198
 21 205.373657  64.929195    45.390    45.382  5 52945.29449076 47.361
 23 205.391785  64.925367    47.666    47.067  6 53015.29453415 10.960
 24 205.374563  64.928268    47.834    47.814  5 53050.29450981  8.964
 25 205.383868  64.927417    48.519    48.578  6 53085.29454550  7.152
 26 205.371735  64.929957    45.841    45.529  5 53120.29451656 33.133
 27 205.373431  64.928195    50.197    50.208  5 53155.29456941 47.987
 28 205.391138  64.926169    48.543    48.540  6 53190.29455902 46.342
 29 205.394152  64.925347    48.063    48.024  7 53225.29456781 49.356
 30 205.394832  64.925131    46.476    46.359  6 53260.29454226 51.397
 32 205.387211  64.926588    45.782    45.780  6 53330.29454458 26.797
 33 205.403569  64.922592    47.278    47.508  7 53365.29449255 10.455
 34 205.377304  64.928619    48.824    49.532  6 53400.29451967  7.523
 35 205.399089  64.923764    47.854    47.929  7 53435.29450813 10.647
 36 205.370845  64.930299    49.446    49.347  5 53470.29455625  6.777
 38 205.384283  64.926745    49.387    49.415  6 53540.29459539 43.961
 39 205.391046  64.924980    48.837    48.751  6 53575.29458856 52.175
 40 205.400654  64.923212    47.762    47.708  7 53610.29453882 45.495
 41 205.371793  64.929422    47.908    47.932  5 53645.29454404 52.381
 42 205.383872  64.926312    45.568    45.576  6 53680.29456013 41.507
 43 205.401922  64.923473    47.469    47.476  6 53715.29448708 24.663
 44 205.374397  64.929259    46.524    46.524  6 53750.29440549 16.973
 45 205.394659  64.925085    47.214    47.281  6 53785.29443456 12.383
 46 205.413189  64.919797    47.002    46.900  7 53820.29439185  9.662
 47 205.372725  64.928761    48.194    45.973  5 53855.29447891  4.556
 48 205.390486  64.925509    49.581    49.473  7 53890.29448812 22.151
 49 205.369766  64.929761    49.225    49.253  4 53925.29455412 51.418
 50 205.384995  64.927157    47.942    47.945  6 53960.29454149 43.619
 51 205.361861  64.932673    47.470    47.473  3 53995.29447930 52.070
 52 205.377363  64.927945    46.422    46.422  5 54030.29453410 51.227
 53 205.393461  64.925404    46.120    46.130  7 54065.29452685 21.874
 54 205.399010  64.923586    46.605    46.597  6 54100.29449069 20.642
 55 205.374079  64.928834    45.771    45.717  5 54135.29445387 17.444
 57 205.371461  64.929926    44.963    44.976  4 54205.29445867 27.460
 58 205.385579  64.926764    47.139    47.029  6 54240.29449166 46.259
 59 205.386193  64.926966    48.635    48.634  6 54275.29450765 45.639
 61 205.400656  64.924248    48.239    48.236  7 54345.29448350 49.052
 62 205.377119  64.928487    46.889    46.840  5 54380.29444571 49.596
 63 205.391636  64.925405    47.000    47.023  7 54415.29443238 26.267
 64 205.373206  64.928550    46.662    46.599  5 54450.29441365 13.487
 65 205.386688  64.927041    47.031    47.111  6 54485.29442812 12.984
 66 205.379273  64.927453    46.891    46.932  6 54520.29442674 11.265
 67 205.395962  64.924480    48.347    48.308  7 54555.29443865  8.835
 68 205.380025  64.928414    48.030    45.920  6 54590.29442302 26.069
 69 205.389873  64.924971    48.881    48.896  6 54625.29443862 52.451
 70 205.381859  64.927676    48.786    48.727  6 54660.29444762 42.635
 71 205.394567  64.925127    49.199    49.233  6 54695.29442538 52.198
 72 205.377330  64.928406    47.632    47.635  5 54730.29440299 53.183
 73 205.387375  64.925230    47.115    47.118  6 54765.29440378 44.797
 74 205.370428  64.930999    47.068    47.054  5 54800.29439723 27.480
 75 205.386032  64.927660    48.001    48.320  6 54835.29439579 10.744
 76 205.372986  64.929902    46.864    47.141  5 54870.29439443  9.375
 77 205.396395  64.924051    49.351    49.402  7 54905.29440342  5.707
 78 205.377132  64.928271    48.931    48.971  6 54940.29438595  5.541
 79 205.381394  64.928208    48.769    48.756  6 54975.29441551 50.416
 80 205.389507  64.925223    49.935    49.895  6 55010.29442619 20.029
 81 205.385910  64.925495    47.542    47.504  6 55045.29441719 47.077
 82 205.397953  64.924740    47.831    47.823  7 55080.29439161 51.673
 83 205.378611  64.928704    46.644    46.617  6 55115.29434998 50.002
 84 205.385123  64.927720    46.319    46.248  6 55150.29434897 23.309
 85 205.374340  64.928247    46.805    46.789  5 55185.29433452 21.990
 86 205.389602  64.925481    46.377    46.382  6 55220.29434652 14.308
 87 205.378643  64.928399    47.201    46.916  5 55255.29433034 12.747
 88 205.398366  64.923465    46.584    46.434  7 55290.29433524 11.350
 89 205.381647  64.928333    52.814    52.810  6 55325.29431645 45.342
 90 205.389413  64.925698    48.877    49.471  7 55360.29431303 30.781
 91 205.377097  64.928949    49.929    49.940  6 55395.29431927 36.988
 92 205.386264  64.926596    49.055    48.981  7 55430.29432881 52.121
 93 205.403422  64.923376    47.235    47.399  7 55465.29428928 25.087
