# NaN NaN NaN ;Mean Elev.(m), Avg Gradient(m/km), RMS Gradient(m/km) - SRTM1     
#    7.317  -0.194   1.664 ;Mean Elev.(m), Avg Gradient(m/km), RMS Gradient(m/km) - ASTER GDEM
#    0.218   0.046   0.762 ;Mean Elev.(m), Avg Gradient(m/km), RMS Gradient(m/km) - GMTED2010 
  8 195.218970  62.601013     0.780     0.803  5 52498.32791128 27.507
 10 195.210534  62.598019   317.215   317.103  5 52568.32792469 31.137
 11 195.215418  62.600173     0.964     0.938  6 52603.32791852 32.153
 12 195.202287  62.596644    -0.038    -0.044  5 52638.32789307 24.244
 13 195.214675  62.600840     0.702     0.696  6 52673.32789287 20.110
 14 195.207154  62.596911     0.227     0.360  5 52708.32790134 19.396
 15 195.212053  62.597966     0.773     0.771  5 52743.32793148 42.656
 17 195.200369  62.596235     0.968     1.008  5 52813.32795165 40.451
 18 195.204272  62.596965     1.144     1.050  5 52848.32800533 23.394
 19 195.210102  62.598830     1.000     0.939  5 52883.32804150 22.567
 20 195.220489  62.600227     1.073     1.037  6 52918.32799808 31.439
 21 195.207573  62.596611     1.319     1.524  5 52953.32796013 24.150
 22 195.218146  62.601296     0.566     0.510  6 52988.32797047 27.963
 23 195.222945  62.600798     0.582     0.546  5 53023.32795787 17.099
 24 195.215364  62.599947     0.656     0.689  6 53058.32795244 17.786
 25 195.214764  62.599206     0.703     0.705  6 53093.32799020 12.350
 26 195.209854  62.597952     0.426     0.451  5 53128.32796153 45.302
 28 195.212809  62.598353     1.065     1.009  5 53198.32802783 22.623
 29 195.222969  62.601377     1.253     0.922  5 53233.32800180 22.491
 30 195.227572  62.599435     1.288     1.014  5 53268.32796912 28.252
 31 195.199297  62.596005     0.398     0.085  5 53303.32802714 28.384
 32 195.214874  62.600336     0.713     0.589  6 53338.32799689 25.631
 33 195.226291  62.601849     1.747     1.750  5 53373.32793025 35.762
 34 195.210530  62.599098     0.665     0.685  6 53408.32797009 14.301
 35 195.225587  62.600469     1.059     1.035  5 53443.32795434 11.839
 37 195.212078  62.598680     0.988     0.761  5 53513.32803903 35.710
 38 195.212235  62.598174     1.315     1.061  5 53548.32805707 23.757
 39 195.216622  62.601172     1.428     1.578  6 53583.32802380 22.932
 40 195.223101  62.600131     1.092     1.211  6 53618.32797962 32.173
 41 195.209287  62.596717     1.444     1.381  5 53653.32800102 25.897
 42 195.210794  62.599162     0.072     0.039  5 53688.32800078 39.722
 43 195.227209  62.601036     0.582     0.459  5 53723.32792564 24.715
 44 195.211482  62.597961     0.145     0.152  6 53758.32786297 18.651
 45 195.219929  62.600772     0.798     0.802  6 53793.32788520 17.857
 46 195.206463  62.596282     0.652     0.622  5 53828.32785514 11.266
 47 195.205097  62.597030     0.743     0.682  5 53863.32793881 24.430
 48 195.210609  62.598333     1.447     1.480  6 53898.32796244 27.780
 49 195.205023  62.597541     1.186     1.124  5 53933.32800870 21.689
 50 195.211805  62.599101     1.355     1.659  5 53968.32798108 21.055
 51 195.203629  62.595482     0.600     0.696  5 54003.32794997 36.700
 52 195.211874  62.597953     1.647     1.634  6 54038.32798542 27.604
 53 195.216122  62.599151     0.055     0.061  6 54073.32797989 28.608
 54 195.225244  62.600975     0.613     0.622  5 54108.32792757 17.785
 55 195.207380  62.597692     0.492     0.400  6 54143.32791621 23.666
 56 195.220881  62.599936     0.638     0.687  5 54178.32791094 25.406
 57 195.207526  62.598262     0.625     0.578  5 54213.32792380 32.533
 58 195.210983  62.597528     0.866     1.229  5 54248.32795214 31.387
 60 195.215204  62.601215     1.378     1.468  6 54318.32795901 23.143
 61 195.221402  62.600853     1.430     1.305  5 54353.32792350 21.649
 62 195.213002  62.598347     1.261     1.048  6 54388.32789843 24.208
 63 195.217550  62.600430     0.452     0.486  6 54423.32787325 33.192
 64 195.205700  62.598138     0.598     0.539  5 54458.32787314 19.045
 65 195.218107  62.600881     0.672     0.684  6 54493.32787693 14.248
 66 195.210598  62.598398     0.476     0.447  6 54528.32788580 10.400
 67 195.221474  62.600155     1.111     1.052  5 54563.32788429  6.508
 68 195.212688  62.598549     0.685     0.609  5 54598.32788160 42.765
 69 195.211880  62.598611     1.600     1.495  5 54633.32789448 22.764
 70 195.212853  62.599744     1.573     1.542  5 54668.32789994 20.356
 71 195.221459  62.600915     1.656     1.781  6 54703.32786516 26.099
 72 195.208042  62.597171     0.194    -0.458  5 54738.32786114 32.135
 73 195.218640  62.600260     0.806     0.760  5 54773.32784592 27.343
 74 195.205894  62.595985     0.277     0.047  5 54808.32785449 18.153
 75 195.215884  62.600356     0.650     0.674  6 54843.32784367 16.860
 76 195.209153  62.598217     0.606     0.491  5 54878.32785745  9.572
 77 195.219163  62.600669     1.155     1.124  6 54913.32784790  9.875
 78 195.209298  62.597025     0.807     0.738  5 54948.32784991 27.300
 79 195.210690  62.599198     1.630     1.753  6 54983.32787557 27.558
 80 195.213666  62.599938     1.311     1.231  6 55018.32787319 24.703
 81 195.216355  62.599957     0.957     1.017  6 55053.32786893 30.457
 82 195.221284  62.600761     1.716     1.937  6 55088.32783084 25.447
 83 195.210389  62.598327     0.780     1.040  6 55123.32780474 30.946
 84 195.217237  62.600120     0.385     0.383  5 55158.32779147 28.294
 85 195.206560  62.595932     0.548     0.544  5 55193.32779439 28.092
 86 195.218056  62.600790     0.766     0.760  6 55228.32779323 21.622
 87 195.211872  62.599532     0.740     0.676  5 55263.32779016 16.030
 88 195.221296  62.599929     0.921     0.918  6 55298.32777683  9.498
 89 195.213826  62.599156     1.139     1.118  6 55333.32776882 42.664
 90 195.216161  62.600001     1.656     1.558  5 55368.32776044 23.776
 91 195.208621  62.597429     0.791     0.678  5 55403.32777595 27.531
 92 195.217545  62.600713     0.991     0.947  6 55438.32777865 39.727
 93 195.223692  62.600750     1.838     1.849  5 55473.32772636 22.545
