# NaN NaN NaN ;Mean Elev.(m), Avg Gradient(m/km), RMS Gradient(m/km) - SRTM1     
#   52.718 -10.251  15.047 ;Mean Elev.(m), Avg Gradient(m/km), RMS Gradient(m/km) - ASTER GDEM
#   55.107 -10.992  12.461 ;Mean Elev.(m), Avg Gradient(m/km), RMS Gradient(m/km) - GMTED2010 
  7 207.312360  65.165068    60.909    59.821 14 52468.28853636 44.485
  8 207.307464  65.174233    52.941    52.941  2 52503.28852697 28.383
  9 207.285406  65.176389    57.117    57.101 16 52538.28851239 47.076
 10 207.285423  65.187525    54.284    54.309  5 52573.28855488 44.075
 12 207.275219  65.194064   100.441   100.441  2 52643.28851021 10.063
 15 207.304457  65.172136    66.176    68.942 11 52748.28855202  6.286
 16 207.268247  65.191981    56.421    56.358  6 52783.28849730 48.997
 17 207.281266  65.179933    56.425    56.449 12 52818.28857240 51.189
 18 207.301656  65.170029    57.984    57.451 17 52853.28861967 24.529
 20 207.341397  65.145610    68.146    68.673  4 52923.28860228 39.897
 21 207.304721  65.167873   130.617   131.120 17 52958.28857339 10.130
 22 207.309193  65.166605   130.548   130.638 15 52993.28859922  9.942
 24 207.310698  65.168973    60.105    59.449  7 53063.28857265 14.437
 26 207.315602  65.163943    60.573    59.996 11 53133.28856986 38.400
 28 207.308830  65.166015    56.796    56.361 16 53203.28864495 27.692
 29 207.343407  65.147973    56.318    56.318  2 53238.28860931 42.085
 30 207.280553  65.180858    54.176    54.154 12 53273.28857697 52.152
 31 207.281155  65.186778    53.463    53.373  7 53308.28863678 43.187
 33 207.281886  65.181326    54.750    54.691 12 53378.28854334 25.387
 35 207.266843  65.192548   115.340   113.933  5 53448.28856906  4.296
 37 207.314330  65.166475    61.358    60.743  7 53518.28864804 25.340
 38 207.303920  65.168495    57.065    57.052 16 53553.28867033 49.795
 40 207.260059  65.195601    55.856    55.834  4 53623.28859792 50.961
 42 207.337053  65.144593   116.859   116.859  2 53693.28859483  6.860
 44 207.305044  65.169167   128.466   129.387 16 53763.28848207 10.289
 47 207.298852  65.170606    62.170    62.210 17 53868.28855185 28.829
 48 207.308172  65.166389    58.551    58.246 16 53903.28858287 46.648
 49 207.293876  65.172038    57.109    57.078 17 53938.28862022 38.754
 50 207.335028  65.147370    68.603    64.658  3 53973.28857677 43.780
 51 207.291736  65.172834    56.993    56.605 16 54008.28857195 40.463
 52 207.288339  65.188194    54.056    54.056  2 54043.28859719 31.249
 58 207.309890  65.165585    57.710    57.698 16 54253.28856493 50.865
 59 207.331343  65.150003    58.296    58.862  3 54288.28856541 22.443
 60 207.315934  65.164317    58.581    58.095  9 54323.28856574 49.034
 62 207.324161  65.152332    37.899    37.899  2 54393.28850362 40.360
 64 207.295011  65.177789    57.063    57.104 11 54463.28848750 17.692
 66 207.307375  65.169909    59.276    59.573  9 54533.28849949 13.922
 68 207.308938  65.165967    57.381    57.344 16 54603.28849379 50.374
 69 207.313119  65.165892    58.881    58.325 11 54638.28850440 47.062
 70 207.315060  65.164052    60.251    59.903 11 54673.28850703 46.940
 71 207.343742  65.144857    57.257    57.229  3 54708.28846138 49.367
 72 207.300932  65.173840    57.037    56.560 11 54743.28847490 48.692
 74 207.290069  65.180429    56.203    56.012 10 54813.28846984 19.770
 75 207.337698  65.147046   135.005   135.009  4 54848.28844388  5.331
 76 207.305032  65.167907   129.895   129.873 16 54883.28847047  7.449
 78 207.293681  65.179756    55.928    55.810 10 54953.28846752 34.394
 79 207.304978  65.168194    58.579    58.572 16 54988.28848917 52.509
 80 207.335984  65.146860    58.285    57.066  3 55023.28847643 33.590
 83 207.306046  65.170271   128.990   130.019 13 55128.28841742 11.076
 85 207.289605  65.182366    55.819    55.753  9 55198.28841148 21.335
 87 207.308554  65.168103    57.872    57.670 12 55268.28840302 16.942
 89 207.315191  65.164072    55.482    55.448 10 55338.28837561 45.818
 91 207.309960  65.165920    57.754    57.720 15 55408.28838754 49.677
 92 207.333746  65.147709    57.107    57.113  3 55443.28838095 52.689
