# NaN NaN NaN ;Mean Elev.(m), Avg Gradient(m/km), RMS Gradient(m/km) - SRTM1     
#   50.664 -10.374  73.128 ;Mean Elev.(m), Avg Gradient(m/km), RMS Gradient(m/km) - ASTER GDEM
#   63.026  -9.226  71.233 ;Mean Elev.(m), Avg Gradient(m/km), RMS Gradient(m/km) - GMTED2010 
 11 208.232331  65.104561    63.656    63.664  4 52616.89045657 33.663
 15 208.224785  65.102338    63.569    63.570  6 52756.89049812 48.385
 20 208.229168  65.103209    63.045    63.032  4 52931.89053966 39.262
 23 208.232032  65.104749    63.563    63.539  4 53036.89051701 19.001
 25 208.226074  65.102942    63.193    63.172  6 53106.89051842 34.660
 38 208.238199  65.106666    64.218    64.218  2 53561.89061490 27.477
 43 208.234877  65.104973    63.351    63.376  3 53736.89043029 18.314
 49 208.236468  65.105348    64.125    64.125  2 53946.89056240 40.595
 50 208.239187  65.107008    63.721    63.721  2 53981.89050592 34.021
 54 208.226053  65.104450    63.346    63.363  6 54121.89044536 17.629
 56 208.233555  65.105478    63.350    63.290  3 54191.89044375 19.186
 61 208.234580  65.105259    65.287    65.171  3 54366.89044959 23.138
 63 208.238420  65.105638    63.699    63.699  2 54436.89040719 26.775
 65 208.236070  65.104858    63.759    63.759  2 54506.89041942 18.790
 71 208.235265  65.104827    63.787    63.800  3 54716.89039755 26.980
 73 208.240088  65.106134    64.004    64.004  2 54786.89038728 34.074
 77 208.232300  65.105411    64.732    64.934  4 54926.89038187  9.720
 82 208.230178  65.104346    63.425    63.342  5 55101.89035735 31.030
 86 208.234368  65.105130    63.270    63.270  2 55241.89033011 17.707
 93 208.232706  65.104747    62.829    62.827  3 55486.89024546 31.541
