# NaN NaN NaN ;Mean Elev.(m), Avg Gradient(m/km), RMS Gradient(m/km) - SRTM1     
#   88.302  -9.615  87.585 ;Mean Elev.(m), Avg Gradient(m/km), RMS Gradient(m/km) - ASTER GDEM
#   79.455 -10.240  85.963 ;Mean Elev.(m), Avg Gradient(m/km), RMS Gradient(m/km) - GMTED2010 
  9 210.214501  65.877006    79.678    79.785  4 52513.27865689 50.052
 11 210.203391  65.871377    79.690    79.721  4 52583.27869791 42.683
 12 210.208369  65.872625    80.566    80.600  4 52618.27867271 39.264
 13 210.205375  65.870298    81.496    79.891  4 52653.27864758 34.588
 14 210.211647  65.874020    82.722    82.695  4 52688.27864816 25.114
 15 210.200149  65.871019    83.578    83.578  2 52723.27869397 15.462
 19 210.199797  65.871516    92.892    92.275  3 52863.27878087 19.523
 20 210.204667  65.871239    82.216    82.264  5 52898.27881018 44.489
 21 210.210333  65.873570    79.611    79.578  5 52933.27875575 49.589
 24 210.208576  65.873533    95.105    95.213  4 53038.27873629 13.634
 25 210.201833  65.870883    92.711    93.118  3 53073.27876345 13.177
 26 210.211323  65.874306    80.725    80.790  4 53108.27873674 19.315
 28 210.200145  65.873988   171.054   171.054  2 53178.27879410  4.481
 29 210.200043  65.871288    81.507    81.507  2 53213.27881437 45.081
 30 210.210169  65.872651    80.715    80.721  5 53248.27878351 49.621
 32 210.200692  65.871806    77.732    77.807  3 53318.27877298 20.600
 33 210.212237  65.874845    79.979    79.955  4 53353.27873944 18.930
 35 210.209315  65.872294    86.735    85.594  4 53423.27873618 10.570
 38 210.206966  65.871901    89.454    89.189  5 53528.27880484 38.067
 39 210.202114  65.870048    84.384    82.704  3 53563.27883433 21.693
 40 210.212314  65.873264    81.822    81.890  5 53598.27877512 46.744
 43 210.211021  65.872943    79.733    79.738  5 53703.27873568 29.661
 44 210.220345  65.878879    81.521    80.509  4 53738.27864596 17.989
 45 210.202624  65.871385    89.837    86.851  3 53773.27865915 13.120
 46 210.213468  65.876226    96.625    96.585  4 53808.27864631 10.598
 48 210.200968  65.869459    87.356    87.356  2 53878.27871506 42.102
 53 210.207028  65.872758    80.507    78.489  4 54053.27874629 25.074
 54 210.208740  65.872667    95.919    96.093  4 54088.27873796 15.124
 56 210.200672  65.871874    95.078    95.027  3 54158.27870155 10.187
 59 210.201492  65.869970    84.893    84.918  3 54263.27873201 45.605
 60 210.202358  65.870525    83.034    83.054  3 54298.27873692 41.770
 61 210.209168  65.872239    83.188    83.205  4 54333.27872671 44.627
 63 210.205909  65.871071    79.519    79.560  4 54403.27866987 44.244
 65 210.200925  65.869397    87.017    87.017  2 54473.27865549 12.158
 67 210.203557  65.872227    91.892    92.142  4 54543.27867042 10.772
 69 210.204901  65.870975    84.885    84.163  4 54613.27866078 27.150
 71 210.207697  65.871368    84.013    83.969  5 54683.27866794 34.927
 77 210.204791  65.871245    90.661    90.809  5 54893.27863779 12.194
 82 210.209399  65.872823    81.460    81.527  5 55068.27863575 50.885
 84 210.201080  65.871417    79.759    79.849  3 55138.27858247 38.333
 88 210.206555  65.871481    93.608    93.687  5 55278.27857082  8.171
 90 210.206810  65.871263    82.429    82.423  5 55348.27854130 46.438
 92 210.198903  65.871168    82.889    82.889  2 55418.27856048 46.108
 93 210.209695  65.874277    81.763    81.797  5 55453.27854097 52.047
 94 210.215814  65.876729    78.934    78.932  3 55488.27846226 44.391
