# NaN NaN NaN ;Mean Elev.(m), Avg Gradient(m/km), RMS Gradient(m/km) - SRTM1     
#   55.245 -12.079  38.868 ;Mean Elev.(m), Avg Gradient(m/km), RMS Gradient(m/km) - ASTER GDEM
#   60.000 -11.046  37.792 ;Mean Elev.(m), Avg Gradient(m/km), RMS Gradient(m/km) - GMTED2010 
  8 207.538228  65.113378    58.322    58.322  2 52495.89245499 49.928
  9 207.548820  65.108705    58.283    58.283  2 52530.89244106 50.827
 11 207.529077  65.115830    55.657    55.695  3 52600.89247871 23.756
 12 207.543283  65.110462    56.378    56.378  2 52635.89244048 20.551
 13 207.534696  65.113237    56.323    56.323  2 52670.89244721 15.402
 14 207.546565  65.110306    58.251    58.251  2 52705.89244151 12.456
 15 207.532171  65.114091    58.641    58.641  2 52740.89247517 10.515
 19 207.537544  65.113169    68.899    68.899  2 52880.89258929 35.881
 21 207.555571  65.109306    54.801    54.801  2 52950.89250713 47.449
 22 207.545880  65.111474    56.056    56.056  2 52985.89252786 19.418
 23 207.535698  65.114238    56.217    56.217  2 53020.89251768 14.174
 25 207.523282  65.117164    56.797    56.797  2 53090.89254371 10.716
 30 207.523267  65.116171    55.595    55.595  2 53265.89252831 49.940
 35 207.527709  65.115460    55.523    55.523  2 53440.89250753 20.098
 36 207.538287  65.111651    61.903    61.903  2 53475.89257374  1.048
 38 207.532165  65.115341    58.971    58.971  2 53545.89260475 40.987
 39 207.531780  65.113289    57.930    57.930  2 53580.89257964 50.579
 41 207.543629  65.110765    57.993    57.993  2 53650.89254733 46.324
 42 207.534092  65.115035    55.558    55.558  2 53685.89255482 25.730
 43 207.529990  65.114637    56.805    56.805  2 53720.89248107 19.763
 44 207.552123  65.108273    56.231    56.231  2 53755.89240897 15.810
 45 207.538196  65.111772    56.428    56.428  2 53790.89243658 14.597
 46 207.553954  65.107253    58.890    58.890  2 53825.89239600  9.232
 49 207.530446  65.116343    59.127    59.127  2 53930.89255779 25.564
 50 207.529602  65.116458    57.885    57.885  2 53965.89253484 36.851
 53 207.537410  65.111776    56.404    56.404  2 54070.89253102 23.964
 54 207.525729  65.116704    55.977    55.977  2 54105.89248312 19.063
 55 207.542394  65.110356    55.297    55.297  2 54140.89246372 16.946
 56 207.531873  65.115575    56.189    56.189  2 54175.89246392 12.417
 58 207.539756  65.112496    57.711    57.711  2 54245.89250014 50.217
 62 207.542164  65.111716    56.360    56.360  2 54385.89244901 46.330
 63 207.531825  65.114905    56.727    56.804  3 54420.89242735 23.272
 67 207.531457  65.114852    55.431    55.431  2 54560.89243690 13.083
 71 207.532691  65.116291    59.550    59.550  2 54700.89241888 24.289
 72 207.545694  65.111070    57.832    57.832  2 54735.89240979 28.904
 73 207.535080  65.113255    58.075    58.075  2 54770.89240012 24.343
 76 207.539666  65.111232    59.981    59.981  2 54875.89240483 11.611
 77 207.528817  65.115610    59.885    60.653  3 54910.89240075  9.866
 78 207.541174  65.111154    62.245    62.245  2 54945.89239725  4.656
 80 207.536707  65.111762    58.749    58.749  2 55015.89242543 30.712
 83 207.544733  65.110424    56.392    56.392  2 55120.89235356 47.431
 84 207.531580  65.113591    55.440    55.440  2 55155.89234539 25.889
 85 207.545360  65.111670    56.989    56.989  2 55190.89234260 19.173
 86 207.533420  65.113996    56.655    56.655  2 55225.89234563 14.449
 88 207.530924  65.115103    59.149    59.149  2 55295.89233074  7.907
 89 207.535384  65.112563    56.972    56.972  2 55330.89231919 49.682
 90 207.533394  65.112713    57.783    57.783  2 55365.89231269 29.066
 92 207.536882  65.112802    58.837    58.837  2 55435.89232949 51.444
 93 207.526741  65.114576    56.425    56.425  2 55470.89228199 28.462
