# NaN NaN NaN ;Mean Elev.(m), Avg Gradient(m/km), RMS Gradient(m/km) - SRTM1     
#   25.082   5.735  26.405 ;Mean Elev.(m), Avg Gradient(m/km), RMS Gradient(m/km) - ASTER GDEM
#   45.236   5.136  22.353 ;Mean Elev.(m), Avg Gradient(m/km), RMS Gradient(m/km) - GMTED2010 
 14 203.532540  64.659193    40.086    40.086  2 52695.90249775  8.101
 15 203.522231  64.662252    45.527    45.527  2 52730.90252609  5.196
 18 203.529874  64.660983    42.231    42.231  2 52835.90259952 16.798
 21 203.533659  64.660545    40.782    40.782  2 52940.90257016 21.791
 29 203.513426  64.661027    40.335    40.335  2 53220.90265220 32.350
 31 203.521271  64.661065    40.363    40.363  2 53290.90264066 11.463
 37 203.510864  64.661768    43.056    43.147  3 53500.90267422 49.605
 38 203.515114  64.661830   140.673   140.673  2 53535.90266323  2.232
 39 203.508392  64.661685    44.006    44.006  2 53570.90267243 15.356
 42 203.513816  64.662831    70.679    70.679  2 53675.90263928  8.811
 46 203.501840  64.661398    39.522    39.700  3 53815.90247971  5.450
 48 203.527387  64.661693    43.486    43.486  2 53885.90255525 17.606
 51 203.505175  64.661295    45.901    45.901  2 53990.90254195 15.066
 57 203.525347  64.660392    38.037    38.037  2 54200.90252413 28.534
 68 203.520015  64.660309    38.830    38.830  2 54585.90249253 15.050
 70 203.515136  64.661577    42.753    41.465  3 54655.90252197 20.407
 80 203.512927  64.660270    43.114    43.114  2 55005.90250481 24.064
 83 203.525011  64.661764   107.422   107.422  2 55110.90242478 12.386
 90 203.515268  64.662370    43.997    43.997  2 55355.90238968 17.772
