# NaN NaN NaN ;Mean Elev.(m), Avg Gradient(m/km), RMS Gradient(m/km) - SRTM1     
#   10.162  -0.038   2.671 ;Mean Elev.(m), Avg Gradient(m/km), RMS Gradient(m/km) - ASTER GDEM
#    0.409   0.033   0.490 ;Mean Elev.(m), Avg Gradient(m/km), RMS Gradient(m/km) - GMTED2010 
  7 195.254593  62.609166    -8.863    -9.178  8 52446.92095386 31.647
  8 195.256447  62.609817     0.782     0.636  8 52481.92094395 34.245
  9 195.255678  62.608809     0.681     0.683  9 52516.92089814 43.973
 10 195.271793  62.614048     0.520     0.577  5 52551.92094533 42.297
 11 195.270370  62.615389     0.591     0.589  9 52586.92092072 42.207
 12 195.251636  62.608476     1.218     1.246  8 52621.92089235 36.486
 13 195.270370  62.610263     0.982     0.862  4 52656.92089643 19.815
 15 195.272128  62.616694     0.922     1.001  7 52726.92092267 18.113
 16 195.236474  62.602708     1.049     0.731  7 52761.92094122 38.670
 20 195.259649  62.611941     0.620     0.478  9 52901.92103679 33.532
 21 195.245087  62.605438     0.818     0.647  8 52936.92097835 33.987
 22 195.271412  62.615020     1.012     0.930  6 52971.92100369 23.623
 23 195.255474  62.608850     0.801     0.802  9 53006.92101712 19.488
 25 195.254874  62.609736     0.997     1.004  9 53076.92100363 12.617
 26 195.269502  62.610303     1.206     1.205  4 53111.92097329 40.323
 27 195.265392  62.612916     1.098     0.814  9 53146.92101630 38.601
 28 195.272211  62.614205     1.354     1.218  5 53181.92102038 24.474
 29 195.262418  62.611014     0.548     0.552  9 53216.92104465 45.471
 30 195.245267  62.606064     0.537     0.358  8 53251.92102431 38.469
 31 195.271486  62.613878     0.450     0.350  5 53286.92101816 35.279
 33 195.261743  62.612000     0.911     0.819  9 53356.92096249 17.491
 35 195.264133  62.612520     1.237     1.255  9 53426.92097190 12.916
 37 195.259694  62.611583     1.621     1.528  9 53496.92106203 28.355
 38 195.268928  62.615205     1.735     1.673 11 53531.92104051 27.897
 39 195.251709  62.608471     0.940     0.601  9 53566.92106533 30.062
 40 195.255154  62.608692     0.556     0.527  9 53601.92100950 43.813
 41 195.269409  62.609988     1.852     1.688  4 53636.92100636 32.343
 42 195.262301  62.612729     0.586     0.591  9 53671.92102701 43.110
 43 195.262733  62.611194     0.470     0.525  9 53706.92095925 21.136
 44 195.246952  62.607532     0.744     0.762  8 53741.92087266 25.587
 46 195.250384  62.608594     0.763     0.773  8 53811.92087473 13.407
 47 195.272935  62.614975     1.015     0.979  5 53846.92092390 11.259
 49 195.255383  62.609519     1.414     1.355  8 53916.92100806 28.983
 50 195.250663  62.608276     0.702     0.613  8 53951.92101400 37.827
 54 195.254327  62.609429     0.625     0.625  8 54091.92096715 20.314
 56 195.261331  62.611071     0.949     1.056  9 54161.92093505 23.188
 58 195.271652  62.615521     1.425     1.327  7 54231.92094686 34.165
 59 195.269252  62.614831     1.038     1.127 11 54266.92096497 38.612
 60 195.268951  62.615156     1.065     1.069 10 54301.92096951 36.009
 61 195.259570  62.610058     0.525     0.495  9 54336.92095770 43.601
 63 195.262789  62.612792     0.264     0.254  9 54406.92090220 48.285
 65 195.270348  62.615585     0.538     0.516  9 54476.92088976 18.525
 67 195.261985  62.612010     0.946     0.927  9 54546.92090467  9.667
 68 195.272848  62.616510     1.004     0.914  6 54581.92087208 12.666
 69 195.270163  62.615761     1.355     1.130 10 54616.92089349 38.059
 70 195.265319  62.612767     0.926     0.835  9 54651.92090682 40.461
 71 195.257915  62.609715     0.820     0.793  9 54686.92089883 46.019
 73 195.263728  62.611963     0.505     0.517  9 54756.92087357 42.441
 75 195.272270  62.616355     0.461     0.573  7 54826.92086970 17.667
 77 195.258902  62.609727     1.672     1.629  9 54896.92087190  9.048
 78 195.273592  62.613884     1.683     1.683  2 54931.92083600  9.226
 79 195.266841  62.613292     1.191     1.093 10 54966.92087145 39.199
 80 195.262608  62.611315     1.148     1.036  9 55001.92089208 46.781
 81 195.269520  62.614729     0.937     0.780  9 55036.92087741 39.026
 82 195.257316  62.610436     0.568     0.649  9 55071.92086589 40.869
 84 195.262645  62.612945    -0.054    -0.120  9 55141.92081588 36.147
 86 195.265883  62.612415     1.076     1.067 10 55211.92081040 19.964
 88 195.260342  62.611923     1.176     1.185  9 55281.92080435 14.484
 89 195.265238  62.612962     1.206     1.209  9 55316.92077196  8.972
 90 195.261085  62.611085     0.872     0.738  9 55351.92077657 38.014
 92 195.267683  62.613890     1.045     0.858 10 55421.92079384 43.369
 93 195.255967  62.609032     0.769     0.697  9 55456.92076931 37.685
