#   -1.350  -2.129  12.941 ;Mean Elev.(m), Avg Gradient(m/km), RMS Gradient(m/km)
  7     5.756 52459.91507682 36.46 196.866138  61.908920 17.998
  7     5.779 52459.91507746 41.30 196.863698  61.905770 17.998
  7     5.778 52459.91507811 43.37 196.861248  61.902620 17.998
  9     5.442 52529.91505276 26.55 196.872806  61.905329 26.746
  9     5.217 52529.91505341 22.80 196.870366  61.902179 26.746
  9     5.544 52529.91505405 19.11 196.867916  61.899029 26.746
 10     4.703 52564.91507043 20.14 196.874578  61.904306 10.904
 10     4.390 52564.91507107 21.06 196.872128  61.901156 10.904
 10     5.060 52564.91507172 16.49 196.869688  61.898006 10.904
 11     2.032 52599.91509816 34.56 196.854038  61.912086 10.718
 11     2.054 52599.91509880 35.03 196.851598  61.908936 10.718
 11     2.034 52599.91509944 32.55 196.849158  61.905786 10.718
 12     2.306 52634.91505417 27.68 196.868914  61.909736  6.736
 12     2.389 52634.91505481 27.95 196.866474  61.906586  6.736
 12     2.363 52634.91505545 26.97 196.864024  61.903436  6.736
 12     2.151 52634.91505610 26.30 196.861584  61.900286  6.736
 13     1.623 52669.91506349 18.19 196.864046  61.914628  3.900
 13     1.790 52669.91506413 19.13 196.861606  61.911478  3.900
 13     1.705 52669.91506478 19.29 196.859166  61.908328  3.900
 13     1.849 52669.91506542 18.39 196.856716  61.905178  3.900
 13     1.752 52669.91506607 17.72 196.854276  61.902028  3.900
 14     1.847 52704.91505279 25.17 196.872322  61.906977  6.966
 14     1.857 52704.91505343 26.43 196.869872  61.903827  6.966
 14     1.856 52704.91505408 26.24 196.867432  61.900677  6.966
 15     6.051 52739.91508748 22.81 196.861387  61.914761  4.950
 15     5.769 52739.91508812 19.60 196.858937  61.911611  4.950
 15     5.588 52739.91508877 17.56 196.856497  61.908461  4.950
 15     4.981 52739.91508941 16.92 196.854057  61.905311  4.950
 15     4.234 52739.91509006 17.14 196.851607  61.902161  4.950
 16     6.182 52774.91503646 48.61 196.856293  61.910176 34.790
 16     6.277 52774.91503710 49.01 196.853853  61.907026 34.790
 16     6.314 52774.91503774 44.09 196.851413  61.903886 34.790
 17     7.085 52809.91510999 31.09 196.869845  61.909096 21.410
 17     6.653 52809.91511063 20.41 196.867405  61.905946 21.410
 17     6.508 52809.91511128 15.59 196.864955  61.902796 21.410
 17     6.717 52809.91511192 13.43 196.862515  61.899646 21.410
 18     5.412 52844.91516629 26.04 196.871403  61.909028 19.232
 18     5.350 52844.91516693 20.98 196.868963  61.905878 19.232
 18     5.120 52844.91516758 17.50 196.866513  61.902728 19.232
 18     5.599 52844.91516822 16.86 196.864073  61.899578 19.232
 19     5.651 52879.91520418 38.95 196.862909  61.909431 23.114
 19     5.723 52879.91520483 44.41 196.860459  61.906281 23.114
 19     5.823 52879.91520547 48.31 196.858019  61.903131 23.114
 20     5.815 52914.91516130 18.92 196.861351  61.912952 15.055
 20     5.429 52914.91516194 20.10 196.858901  61.909802 15.055
 20     4.804 52914.91516259 19.60 196.856461  61.906652 15.055
 20     5.094 52914.91516323 15.94 196.854021  61.903502 15.055
 21     4.708 52949.91512178 14.62 196.877988  61.904410 14.881
 21     4.510 52949.91512243 14.19 196.875538  61.901260 14.881
 21     4.616 52949.91512307 14.28 196.873098  61.898110 14.881
 22     1.995 52984.91514663 20.65 196.870437  61.908315  4.447
 22     2.168 52984.91514728 21.37 196.867997  61.905165  4.447
 22     2.128 52984.91514792 21.11 196.865547  61.902015  4.447
 22     1.977 52984.91514857 21.01 196.863107  61.898865  4.447
 23     1.663 53019.91513671 12.49 196.862755  61.914815  3.232
 23     1.949 53019.91513735 12.14 196.860315  61.911665  3.232
 23     2.049 53019.91513799 12.56 196.857865  61.908515  3.232
 23     3.429 53019.91513864 12.04 196.855425  61.905365  3.232
 23     3.647 53019.91513928 11.77 196.852985  61.902215  3.232
 24     4.546 53054.91512374  8.91 196.874002  61.907774  2.772
 24     4.173 53054.91512439  9.51 196.871562  61.904624  2.772
 24     3.738 53054.91512503  8.39 196.869112  61.901474  2.772
 24     3.220 53054.91512568  9.02 196.866672  61.898324  2.772
 25     5.591 53089.91516111  9.38 196.848007  61.912626  2.335
 25     5.769 53089.91516175  8.81 196.845567  61.909476  2.335
 25     6.124 53089.91516240  8.34 196.843127  61.906326  2.335
 26     2.678 53124.91513125 40.51 196.871704  61.908897 16.513
 26     2.602 53124.91513189 34.70 196.869264  61.905747 16.513
 26     2.598 53124.91513254 29.43 196.866814  61.902597 16.513
 26     2.681 53124.91513318 27.94 196.864374  61.899447 16.513
 27     7.414 53159.91519053 33.69 196.863695  61.914920 30.056
 27     7.332 53159.91519117 38.40 196.861245  61.911770 30.056
 27     7.340 53159.91519182 37.88 196.858805  61.908620 30.056
 27     7.392 53159.91519246 39.73 196.856355  61.905470 30.056
 27     7.459 53159.91519311 41.06 196.853915  61.902320 30.056
 28     5.805 53194.91518762 20.75 196.865588  61.909215 15.043
 28     5.447 53194.91518826 18.78 196.863138  61.906065 15.043
 28     5.484 53194.91518891 16.72 196.860698  61.902915 15.043
 29     5.543 53229.91517699 18.24 196.864603  61.908248  9.539
 29     5.121 53229.91517763 18.54 196.862153  61.905098  9.539
 29     5.551 53229.91517828 16.18 196.859713  61.901948  9.539
 30     4.687 53264.91514705 23.50 196.852674  61.915918 18.417
 30     5.565 53264.91514769 14.08 196.850224  61.912768 18.417
 30     5.225 53264.91514834 14.02 196.847784  61.909618 18.417
 30     5.579 53264.91514898 12.77 196.845344  61.906478 18.417
 31     3.217 53299.91519418 22.12 196.862044  61.912398 16.714
 31     5.779 53299.91519483 16.16 196.859594  61.909248 16.714
 31     5.408 53299.91519547 13.26 196.857154  61.906098 16.714
 31     5.729 53299.91519612 12.78 196.854704  61.902948 16.714
 32     1.923 53334.91516454 34.68 196.863360  61.911582 10.143
 32     1.813 53334.91516518 34.87 196.860920  61.908432 10.143
 32     1.908 53334.91516583 33.68 196.858470  61.905282 10.143
 32     1.810 53334.91516647 32.76 196.856030  61.902132 10.143
 34     2.818 53404.91513763 16.90 196.867609  61.907471  3.055
 34     2.445 53404.91513827 16.45 196.865159  61.904321  3.055
 34     1.935 53404.91513892 16.03 196.862719  61.901171  3.055
 35     2.763 53439.91512460 11.50 196.855113  61.912046  2.729
 35     2.928 53439.91512524 10.74 196.852673  61.908896  2.729
 35     1.956 53439.91512589 11.27 196.850233  61.905746  2.729
 36     2.715 53474.91518687 11.57 196.864741  61.910927  3.301
 36     1.654 53474.91518752 11.98 196.862301  61.907777  3.301
 36     1.593 53474.91518816 11.86 196.859851  61.904627  3.301
 36     1.773 53474.91518881 12.12 196.857411  61.901477  3.301
 37     7.787 53509.91520377 23.22 196.864419  61.910738 27.079
 37     7.390 53509.91520442 23.79 196.861979  61.907588 27.079
 37     7.950 53509.91520506 23.50 196.859529  61.904438 27.079
 37     8.475 53509.91520570 25.02 196.857089  61.901288 27.079
 38     7.643 53544.91522021 50.04 196.856301  61.909985 29.147
 38     7.598 53544.91522086 48.24 196.853851  61.906835 29.147
 38     7.479 53544.91522150 43.39 196.851411  61.903685 29.147
 39     5.884 53579.91519733 20.24 196.859068  61.913180 21.579
 39     5.899 53579.91519798 18.15 196.856618  61.910030 21.579
 39     5.385 53579.91519862 20.40 196.854178  61.906880 21.579
 39     5.315 53579.91519927 17.87 196.851738  61.903730 21.579
 40     4.736 53614.91515159 37.03 196.851797  61.913615 30.579
 40     4.661 53614.91515223 38.71 196.849347  61.910465 30.579
 40     4.719 53614.91515288 30.72 196.846907  61.907315 30.579
 40     4.714 53614.91515352 36.84 196.844467  61.904165 30.579
 41     5.650 53649.91516128 28.27 196.869953  61.908439 20.802
 41     5.453 53649.91516192 22.80 196.867513  61.905289 20.802
 41     5.831 53649.91516256 21.24 196.865063  61.902139 20.802
 41     5.984 53649.91516321 23.52 196.862623  61.898989 20.802
 42     3.608 53684.91517245 21.76 196.857954  61.911814  5.239
 42     3.765 53684.91517309 21.01 196.855504  61.908664  5.239
 42     3.438 53684.91517374 21.55 196.853064  61.905514  5.239
 42     5.624 53684.91517438 17.41 196.850624  61.902364  5.239
 43     4.251 53719.91509914  9.88 196.856868  61.910784  3.489
 43     5.108 53719.91509979  8.46 196.854428  61.907634  3.489
 43     4.964 53719.91510043  8.05 196.851988  61.904484  3.489
 44     5.108 53754.91502299  9.10 196.877587  61.906264  2.200
 44     4.104 53754.91502363  9.87 196.875147  61.903114  2.200
 44     4.169 53754.91502428  9.38 196.872697  61.899964  2.200
 45     5.665 53789.91505305  8.75 196.863639  61.908283  2.663
 45     4.943 53789.91505369  8.70 196.861199  61.905133  2.663
 45     4.438 53789.91505434  8.58 196.858759  61.901983  2.663
 46     8.114 53824.91500898  8.18 196.879779  61.905690  2.122
 46     7.831 53824.91500962  7.94 196.877329  61.902540  2.122
 46     7.284 53824.91501026  8.18 196.874889  61.899390  2.122
 47     5.936 53859.91510211 25.77 196.865211  61.910439 16.274
 47     1.914 53859.91510276 22.49 196.862761  61.907289 16.274
 47     4.744 53859.91510340 21.54 196.860321  61.904139 16.274
 47     4.022 53859.91510405 16.99 196.857881  61.900989 16.274
 48     7.769 53894.91511982 42.61 196.869116  61.909336 30.793
 48     7.792 53894.91512046 48.04 196.866666  61.906186 30.793
 48     7.777 53894.91512111 51.47 196.864226  61.903036 30.793
 48     7.781 53894.91512175 45.05 196.861776  61.899896 30.793
 49     6.509 53929.91517351 16.26 196.855491  61.913469 26.983
 49     6.620 53929.91517415 15.68 196.853041  61.910319 26.983
 49     7.265 53929.91517480 14.60 196.850601  61.907169 26.983
 49     7.747 53929.91517544 15.28 196.848151  61.904019 26.983
 50     6.017 53964.91515262 22.15 196.853559  61.912551 25.348
 50     5.962 53964.91515326 17.78 196.851119  61.909401 25.348
 50     5.621 53964.91515391 16.39 196.848669  61.906251 25.348
 51     5.174 53999.91510845 46.14 196.880023  61.905910 26.085
 51     5.118 53999.91510909 44.87 196.877583  61.902760 26.085
 51     5.159 53999.91510973 37.54 196.875133  61.899610 26.085
 52     6.058 54034.91515265 18.94 196.869627  61.908792 10.737
 52     5.112 54034.91515329 20.42 196.867177  61.905642 10.737
 52     5.304 54034.91515393 17.60 196.864737  61.902492 10.737
 52     5.952 54034.91515458 18.15 196.862287  61.899342 10.737
 53     2.447 54069.91514645 15.08 196.865212  61.912004  7.334
 53     2.464 54069.91514710 15.52 196.862772  61.908854  7.334
 53     2.406 54069.91514774 15.67 196.860322  61.905704  7.334
 53     5.494 54069.91514839 13.85 196.857882  61.902554  7.334
 54     3.238 54104.91510133 10.11 196.852894  61.913200  2.927
 54     3.631 54104.91510198 10.12 196.850444  61.910050  2.927
 54     4.673 54104.91510262  9.58 196.848004  61.906900  2.927
 54     5.159 54104.91510327  9.18 196.845564  61.903750  2.927
 55     4.342 54139.91507798  8.49 196.869049  61.910082  3.295
 55     3.876 54139.91507863  9.06 196.866599  61.906932  3.295
 55     3.030 54139.91507927  9.07 196.864159  61.903782  3.295
 55     4.486 54139.91507992  8.17 196.861709  61.900632  3.295
 56     2.430 54174.91508119  9.89 196.857277  61.911690  3.121
 56     3.507 54174.91508184 10.24 196.854827  61.908540  3.121
 56     1.721 54174.91508248 10.11 196.852387  61.905390  3.121
 56     1.741 54174.91508313  9.84 196.849947  61.902240  3.121
 57     6.084 54209.91508460 12.07 196.867375  61.909774  3.258
 57     5.789 54209.91508525 12.63 196.864935  61.906624  3.258
 57     5.079 54209.91508589 13.82 196.862485  61.903474  3.258
 57     5.471 54209.91508654 11.41 196.860045  61.900324  3.258
 58     4.754 54244.91511521 50.09 196.864527  61.909706 19.207
 58     4.906 54244.91511585 51.85 196.862087  61.906556 19.207
 58     4.766 54244.91511650 50.57 196.859637  61.903406 19.207
 59     5.711 54279.91512692 26.01 196.864331  61.909847 18.494
 59     5.436 54279.91512756 23.23 196.861891  61.906697 18.494
 59     5.649 54279.91512821 20.29 196.859441  61.903547 18.494
 59     5.863 54279.91512885 22.42 196.857001  61.900397 18.494
 60     5.490 54314.91512635 27.91 196.863149  61.910476 18.640
 60     5.299 54314.91512699 19.49 196.860699  61.907326 18.640
 60     5.078 54314.91512764 18.12 196.858259  61.904176 18.640
 60     5.229 54314.91512828 18.01 196.855819  61.901026 18.640
 61     5.848 54349.91509502 14.90 196.857360  61.912743 21.233
 61     5.894 54349.91509567 13.93 196.854910  61.909593 21.233
 61     5.283 54349.91509631 16.29 196.852470  61.906443 21.233
 61     5.376 54349.91509696 18.02 196.850030  61.903293 21.233
 62     5.203 54384.91506496 21.32 196.867773  61.908891  8.710
 62     4.968 54384.91506560 18.89 196.865323  61.905741  8.710
 62     4.895 54384.91506625 16.70 196.862883  61.902591  8.710
 63     3.002 54419.91504480 29.85 196.858135  61.912580 12.511
 63     3.189 54419.91504545 32.48 196.855695  61.909430 12.511
 63     3.126 54419.91504609 34.72 196.853245  61.906280 12.511
 63     3.020 54419.91504674 32.87 196.850805  61.903130 12.511
 64     2.688 54454.91503695 20.08 196.871678  61.905990  4.565
 64     2.546 54454.91503759 20.70 196.869228  61.902840  4.565
 64     2.416 54454.91503824 19.82 196.866788  61.899690  4.565
 65     2.796 54489.91504485 13.39 196.862091  61.911612  3.703
 65     2.333 54489.91504549 14.83 196.859641  61.908462  3.703
 65     2.508 54489.91504614 13.92 196.857201  61.905312  3.703
 65     2.163 54489.91504678 15.39 196.854761  61.902162  3.703
 66     1.749 54524.91504946 12.77 196.868972  61.908944  3.457
 66     2.082 54524.91505010 11.89 196.866532  61.905794  3.457
 66     1.837 54524.91505075 11.69 196.864082  61.902654  3.457
 66     1.525 54524.91505139 12.45 196.861642  61.899504  3.457
 67     4.105 54559.91505407 11.83 196.857075  61.910812  2.083
 67     4.799 54559.91505471 11.63 196.854635  61.907662  2.083
 67     5.305 54559.91505535 11.62 196.852185  61.904512  2.083
 68     6.199 54594.91504513 26.31 196.863693  61.910186 16.986
 68     2.277 54594.91504578 27.93 196.861253  61.907036 16.986
 68     2.279 54594.91504642 25.39 196.858803  61.903886 16.986
 68     5.155 54594.91504707 23.34 196.856363  61.900746 16.986
 69     6.906 54629.91505926 43.80 196.863545  61.911660 37.329
 69     6.930 54629.91505991 43.62 196.861095  61.908510 37.329
 69     6.973 54629.91506055 37.13 196.858655  61.905360 37.329
 69     7.016 54629.91506120 33.71 196.856205  61.902210 37.329
 70     6.289 54664.91506605 21.86 196.863243  61.911295 23.199
 70     6.036 54664.91506669 21.13 196.860793  61.908145 23.199
 70     7.620 54664.91506734 19.89 196.858353  61.904995 23.199
 70     8.095 54664.91506798 18.76 196.855903  61.901845 23.199
 71     6.218 54699.91503675 52.54 196.858024  61.912377 40.598
 71     6.229 54699.91503739 52.34 196.855584  61.909227 40.598
 71     6.214 54699.91503804 51.86 196.853144  61.906077 40.598
 71     6.180 54699.91503868 52.23 196.850694  61.902927 40.598
 72     5.350 54734.91502530 21.31 196.868828  61.906947 16.802
 72     5.205 54734.91502595 17.92 196.866388  61.903797 16.802
 72     7.948 54734.91502659 15.36 196.863938  61.900647 16.802
 73     3.992 54769.91501715 33.07 196.862816  61.912089 11.500
 73     4.067 54769.91501780 36.04 196.860376  61.908939 11.500
 73     3.997 54769.91501844 37.69 196.857926  61.905789 11.500
 73     3.990 54769.91501909 37.64 196.855486  61.902639 11.500
 74     3.177 54804.91501880 19.70 196.868667  61.909230  3.974
 74     3.266 54804.91501945 20.26 196.866227  61.906080  3.974
 74     3.156 54804.91502009 20.40 196.863777  61.902940  3.974
 74     3.037 54804.91502074 20.07 196.861337  61.899780  3.974
 75     2.895 54839.91501160 12.65 196.864624  61.911619  3.398
 75     3.059 54839.91501224 12.62 196.862174  61.908469  3.398
 75     3.263 54839.91501289 12.78 196.859734  61.905319  3.398
 75     3.118 54839.91501353 12.29 196.857284  61.902169  3.398
 76     2.628 54874.91501911  9.22 196.866762  61.910282  2.532
 76     3.283 54874.91501975  9.35 196.864322  61.907132  2.532
 76     3.865 54874.91502040  9.02 196.861872  61.903982  2.532
 76     3.971 54874.91502104 10.07 196.859432  61.900842  2.532
 77     6.196 54909.91501782 10.18 196.854921  61.912885  2.018
 77     6.499 54909.91501846 10.02 196.852481  61.909735  2.018
 77     6.021 54909.91501911 10.66 196.850031  61.906595  2.018
 77     6.344 54909.91501975  9.94 196.847591  61.903445  2.018
 78     2.504 54944.91501210  6.12 196.865934  61.907640  2.882
 78     2.401 54944.91501274  5.79 196.863494  61.904490  2.882
 78     3.286 54944.91501339  4.20 196.861044  61.901340  2.882
 79     7.803 54979.91503829 25.39 196.862467  61.911029 27.675
 79     7.702 54979.91503894 24.18 196.860027  61.907879 27.675
 79     8.052 54979.91503958 24.46 196.857577  61.904739 27.675
 79     8.718 54979.91504023 25.96 196.855137  61.901589 27.675
 80     7.151 55014.91504189 46.00 196.862825  61.910319 29.245
 80     7.182 55014.91504254 51.62 196.860385  61.907169 29.245
 80     7.217 55014.91504318 51.24 196.857945  61.904019 29.245
 80     7.145 55014.91504383 51.11 196.855495  61.900869 29.245
 81     4.684 55049.91503569 48.64 196.863922  61.909899 23.408
 81     4.634 55049.91503633 50.26 196.861482  61.906749 23.408
 81     4.592 55049.91503698 43.46 196.859042  61.903609 23.408
 81     4.580 55049.91503762 31.87 196.856592  61.900459 23.408
 82     4.268 55084.91500276 33.31 196.854199  61.912627 27.936
 82     4.285 55084.91500340 30.72 196.851759  61.909477 27.936
 82     4.425 55084.91500405 34.56 196.849309  61.906327 27.936
 82     4.333 55084.91500469 39.21 196.846869  61.903177 27.936
 83     4.900 55119.91496860 17.27 196.870155  61.908231 13.004
 83     4.572 55119.91496924 16.03 196.867715  61.905081 13.004
 83     4.059 55119.91496989 17.19 196.865265  61.901931 13.004
 84     2.514 55154.91496184 20.16 196.861282  61.914791  5.506
 84     2.913 55154.91496249 20.46 196.858832  61.911641  5.506
 84     2.684 55154.91496313 22.14 196.856392  61.908491  5.506
 84     2.254 55154.91496377 21.85 196.853952  61.905341  5.506
 84     2.096 55154.91496442 21.51 196.851502  61.902201  5.506
 85     2.449 55189.91495796 30.25 196.868055  61.907516  6.630
 85     2.366 55189.91495860 29.96 196.865615  61.904366  6.630
 85     2.345 55189.91495925 28.10 196.863165  61.901216  6.630
 86     1.850 55224.91496203 19.64 196.861566  61.912966  4.665
 86     1.995 55224.91496267 20.77 196.859116  61.909816  4.665
 86     2.083 55224.91496332 20.57 196.856676  61.906666  4.665
 86     2.003 55224.91496396 19.34 196.854226  61.903526  4.665
 87     4.203 55259.91495350 12.69 196.865701  61.910182  3.546
 87     4.357 55259.91495414 12.18 196.863261  61.907032  3.546
 87     1.618 55259.91495479 11.84 196.860811  61.903892  3.546
 87     1.551 55259.91495543 11.79 196.858371  61.900742  3.546
 88     1.501 55294.91494813 11.72 196.857181  61.912765  3.098
 88     1.682 55294.91494878 11.14 196.854741  61.909615  3.098
 88     1.626 55294.91494942 11.56 196.852301  61.906465  3.098
 88     1.597 55294.91495007 10.89 196.849851  61.903315  3.098
 89     4.166 55329.91493466 47.39 196.863227  61.912300 28.863
 89     3.962 55329.91493530 40.41 196.860777  61.909150 28.863
 89     3.882 55329.91493595 28.77 196.858337  61.906000 28.863
 89     4.206 55329.91493659 30.68 196.855887  61.902850 28.863
 90     6.533 55364.91492855 17.34 196.862287  61.914254 19.481
 90     6.633 55364.91492920 16.50 196.859837  61.911104 19.481
 90     7.522 55364.91492984 16.01 196.857397  61.907954 19.481
 90     7.911 55364.91493049 16.86 196.854957  61.904804 19.481
 90     8.203 55364.91493113 18.27 196.852507  61.901654 19.481
 91     5.151 55399.91494076 21.95 196.868156  61.907074 21.092
 91     7.306 55399.91494140 15.27 196.865716  61.903924 21.092
 91     8.144 55399.91494205 12.32 196.863266  61.900784 21.092
 92     6.573 55434.91494533 32.51 196.864919  61.912004 24.718
 92     6.340 55434.91494598 24.12 196.862469  61.908854 24.718
 92     6.325 55434.91494662 24.01 196.860029  61.905704 24.718
 92     6.432 55434.91494726 28.02 196.857589  61.902554 24.718
 93     5.850 55469.91489974 14.94 196.854454  61.913215 17.368
 93     4.942 55469.91490039 16.12 196.852014  61.910065 17.368
 93     5.276 55469.91490103 15.85 196.849574  61.906925 17.368
 93     5.772 55469.91490168 15.19 196.847124  61.903775 17.368
