# NaN NaN NaN ;Mean Elev.(m), Avg Gradient(m/km), RMS Gradient(m/km) - SRTM1     
#   47.215 -25.158 101.533 ;Mean Elev.(m), Avg Gradient(m/km), RMS Gradient(m/km) - ASTER GDEM
#   41.174 -22.270 100.206 ;Mean Elev.(m), Avg Gradient(m/km), RMS Gradient(m/km) - GMTED2010 
  7 204.320466  64.754217    47.374    46.518  3 52466.90053206 29.165
  9 204.334542  64.750837    52.134    51.870  4 52536.90051035 15.676
 10 204.322108  64.754357    42.073    42.065  4 52571.90054672 43.343
 11 204.317059  64.753657    41.832    41.714  4 52606.90050689 32.482
 12 204.326822  64.752015    44.021    43.519  4 52641.90050375 23.004
 14 204.326852  64.752413    47.261    47.210  4 52711.90052072  6.165
 15 204.308671  64.757642    41.616    41.569  4 52746.90054737 10.359
 16 204.332030  64.751340    45.087    43.781  4 52781.90048661 26.509
 17 204.330622  64.751705    43.639    43.688  4 52816.90056631 34.426
 18 204.328484  64.752234    46.330    46.494  3 52851.90061707 16.872
 21 204.335708  64.751712    41.324    41.298  3 52956.90057171 36.035
 22 204.328153  64.752342    42.203    42.357  4 52991.90059188 18.424
 23 204.318597  64.753734    41.776    41.748  4 53026.90055765 12.224
 24 204.329872  64.751984    40.436    40.587  3 53061.90056684 12.551
 25 204.306714  64.755691    42.068    42.095  4 53096.90059152  8.210
 26 204.334913  64.752586    43.103    43.111  4 53131.90056422 48.318
 28 204.322332  64.753949    45.067    45.225  3 53201.90064196 36.873
 29 204.321359  64.754140    46.333    46.250  3 53236.90061118 34.327
 30 204.340356  64.751898    42.982    43.119  4 53271.90056833 21.159
 31 204.321825  64.754030    44.314    43.614  4 53306.90063299 35.092
 32 204.316318  64.755395    42.038    41.970  3 53341.90060024 19.998
 33 204.311775  64.755961    43.022    42.142  3 53376.90053386 17.845
 34 204.325261  64.752986    41.323    41.435  4 53411.90057574 12.736
 35 204.338328  64.752567    40.818    40.828  4 53446.90055926 18.580
 36 204.321419  64.753894    41.616    41.614  4 53481.90064483  7.667
 37 204.321706  64.755674    48.483    48.483  2 53516.90064679 18.215
 38 204.314403  64.755448    45.689    45.602  4 53551.90066775 21.174
 39 204.319951  64.755184    43.510    43.547  4 53586.90062224 19.527
 40 204.329338  64.752048    43.233    43.249  3 53621.90058744 25.070
 41 204.326290  64.752781    45.617    45.089  4 53656.90061552 38.847
 42 204.315373  64.754425    42.024    42.000  4 53691.90060194 22.794
 43 204.310812  64.756189    42.625    42.615  4 53726.90052533 17.612
 44 204.337591  64.751222    41.868    41.874  4 53761.90047814 18.599
 45 204.316737  64.754695    41.860    41.797  4 53796.90049106 11.589
 47 204.324759  64.752452    43.083    42.945  3 53866.90054935 38.125
 48 204.321544  64.753855    46.516    46.391  4 53901.90057876 15.885
 49 204.311949  64.753620    44.669    44.669  2 53936.90061767 19.950
 50 204.311893  64.755868    46.158    46.291  4 53971.90058262 44.435
 52 204.331732  64.752514    47.328    47.755  3 54041.90059246 38.298
 53 204.316736  64.754583    42.971    42.942  4 54076.90058677 27.964
 54 204.306365  64.756205    42.527    42.558  4 54111.90052704 13.739
 55 204.326539  64.752792    41.700    41.766  4 54146.90052866 15.593
 56 204.307895  64.754654    42.346    42.351  4 54181.90051486 10.249
 57 204.326305  64.753090    47.356    47.207  3 54216.90053697 24.053
 59 204.322015  64.755377    44.804    44.784  3 54286.90056809 17.904
 60 204.319310  64.750734    45.330    45.330  2 54321.90056614 47.769
 61 204.310281  64.754687    44.116    43.978  4 54356.90052512 29.873
 62 204.323940  64.754444    43.353    43.225  4 54391.90050593 36.920
 63 204.317050  64.754004    42.574    42.595  4 54426.90047526 18.935
 64 204.328332  64.752919    42.727    42.731  3 54461.90048345 16.062
 65 204.318492  64.755424    43.385    42.973  4 54496.90048255 11.358
 66 204.327104  64.753446    42.633    42.607  3 54531.90049654 11.055
 67 204.309832  64.754492    47.737    48.140  4 54566.90048808  4.251
 69 204.320663  64.755165    48.440    48.331  4 54636.90050332 15.936
 70 204.318717  64.754865    46.136    46.189  4 54671.90050692 36.227
 71 204.316850  64.755601    45.517    45.598  4 54706.90046683 31.609
 72 204.324876  64.752706    44.623    44.643  3 54741.90047184 36.849
 73 204.318009  64.754025    43.109    43.298  3 54776.90044850 32.141
 74 204.329076  64.751853    41.813    41.793  4 54811.90046534 15.206
 75 204.316233  64.755433    45.154    44.988  3 54846.90044839  8.465
 76 204.323677  64.753037    42.234    42.092  4 54881.90046864  9.274
 77 204.309799  64.756753    46.462    47.291  4 54916.90045145  5.714
 78 204.324005  64.754356    44.219    44.056  4 54951.90046178 27.257
 80 204.318347  64.751768    79.858    79.858  2 55021.90047968 13.669
 82 204.310366  64.754339    42.872    42.927  3 55091.90043270 26.931
 84 204.316294  64.754396    42.529    42.516  4 55161.90039398 21.386
 86 204.312839  64.756262    42.460    42.406  4 55231.90039738 11.321
 87 204.322925  64.752837    42.378    42.251  3 55266.90040117 13.993
 88 204.311474  64.754498    41.906    41.887  4 55301.90037832 18.570
 89 204.319541  64.754287    49.178    49.125  3 55336.90037559 31.966
 90 204.320610  64.754269    45.161    45.092  4 55371.90036559 33.187
 91 204.327133  64.753306    44.480    44.445  4 55406.90038528 48.466
 92 204.320620  64.756113    45.837    45.837  2 55441.90038428 35.031
 93 204.311092  64.755648    42.122    42.190  3 55476.90032638 49.849
