#   64.654 -23.157  77.789 ;Mean Elev.(m), Avg Gradient(m/km), RMS Gradient(m/km)
  7    57.236 52444.89447738 38.96 206.866751  65.170591 16.219
  7    57.141 52444.89447802 40.53 206.863741  65.167491 16.219
  7    56.555 52444.89447931 37.00 206.857721  65.161281 16.219
  7    56.903 52444.89447996 42.90 206.854711  65.158181 16.219
  8    56.119 52479.89447069 17.70 206.865941  65.167317  7.664
  8    54.891 52479.89447134 17.39 206.862931  65.164217  7.664
  8    57.249 52479.89447198 18.75 206.859921  65.161117  7.664
  9    56.406 52514.89441768 16.41 206.871165  65.171584  6.083
  9    56.632 52514.89441832 16.12 206.868155  65.168474  6.083
  9    57.086 52514.89441897 14.66 206.865145  65.165374  6.083
 12    55.509 52619.89442579 22.27 206.857000  65.166470 13.300
 12    55.347 52619.89442643 24.79 206.853990  65.163370 13.300
 12    55.123 52619.89442708 26.73 206.850980  65.160260 13.300
 12    56.162 52619.89442772 27.53 206.847970  65.157160 13.300
 12    53.821 52619.89442837 30.53 206.844970  65.154060 13.300
 12    53.802 52619.89442901 30.23 206.841960  65.150950 13.300
 12    56.924 52619.89442965 28.18 206.838950  65.147850 13.300
 12    57.231 52619.89443030 27.83 206.835950  65.144750 13.300
 12    57.030 52619.89443094 28.92 206.832942  65.141643 10.556
 12    53.071 52619.89443159 30.42 206.829942  65.138543 10.556
 12    56.181 52619.89443223 30.50 206.826932  65.135433 10.556
 12    56.506 52619.89443288 29.69 206.823932  65.132333 10.556
 14    56.839 52689.89440695  7.70 206.860648  65.169696  5.488
 14    58.305 52689.89440759  7.44 206.857638  65.166586  5.488
 14    59.190 52689.89440824  7.59 206.854628  65.163486  5.488
 14    58.981 52689.89440888  8.41 206.851617  65.160383  6.321
 14    58.497 52689.89440953  9.72 206.848617  65.157273  6.321
 14    58.836 52689.89441017  9.83 206.845607  65.154173  6.321
 14    59.024 52689.89441082 10.30 206.842597  65.151073  6.321
 14    58.765 52689.89441146 10.46 206.839587  65.147963  6.321
 14    61.869 52689.89441211  9.91 206.836587  65.144863  6.321
 14    58.765 52689.89441275 11.21 206.833577  65.141753  6.321
 14    58.966 52689.89441339 11.34 206.830577  65.138653  6.321
 14    58.586 52689.89441404  9.93 206.827567  65.135553  6.321
 15    56.890 52724.89444987  7.11 206.879590  65.172226  5.149
 15    56.642 52724.89445052  7.60 206.876580  65.169126  5.149
 15    56.871 52724.89445116  7.70 206.873560  65.166016  5.149
 16    54.077 52759.89447086 25.78 206.847490  65.164415  9.826
 16    60.728 52759.89447151 21.59 206.844480  65.161315  9.826
 16    58.979 52759.89447215 26.59 206.841470  65.158215  9.826
 16    59.423 52759.89447280 28.33 206.838460  65.155105  9.826
 16    59.150 52759.89447344 24.39 206.835450  65.152005  9.826
 16    58.696 52759.89447409 22.91 206.832450  65.148905  9.826
 16    57.861 52759.89447473 26.00 206.829441  65.145799 22.546
 16    58.094 52759.89447538 24.44 206.826431  65.142689 22.546
 16    53.990 52759.89447602 26.59 206.823431  65.139589 22.546
 16    53.929 52759.89447667 29.77 206.820421  65.136489 22.546
 16    57.379 52759.89447731 29.44 206.817421  65.133379 22.546
 16    53.464 52759.89447795 30.65 206.814421  65.130279 22.546
 16    53.267 52759.89447860 32.94 206.811411  65.127169 22.546
 16    57.143 52759.89447924 28.77 206.808411  65.124069 22.546
 16    57.497 52759.89447989 25.70 206.805411  65.120969 22.546
 16    52.823 52759.89448053 31.33 206.802411  65.117859 22.546
 16    53.503 52759.89448118 34.02 206.799411  65.114759 22.546
 23    53.491 53004.89454327 18.31 206.866943  65.170239 10.494
 23    53.923 53004.89454391 21.55 206.863923  65.167139 10.494
 23    54.965 53004.89454456 20.88 206.860913  65.164039 10.494
 23    52.915 53004.89454520 24.81 206.857903  65.160929 10.494
 23    54.922 53004.89454585 24.83 206.854893  65.157829 10.494
 25    55.457 53074.89452405 12.05 206.869144  65.171486  7.364
 25    56.659 53074.89452469 13.26 206.866134  65.168386  7.364
 25    56.882 53074.89452534 13.45 206.863114  65.165286  7.364
 25    56.501 53074.89452598 13.89 206.860104  65.162176  7.364
 25    57.920 53074.89452663 14.98 206.857094  65.159076  7.364
 28    56.574 53179.89454763 14.09 206.882563  65.174369 10.042
 28    56.577 53179.89454827 17.39 206.879543  65.171269 10.042
 28    56.587 53179.89454892 18.29 206.876533  65.168159 10.042
 33    55.443 53354.89449082 23.22 206.872243  65.171913 16.305
 33    54.129 53354.89449147 23.65 206.869233  65.168813 16.305
 33    54.023 53354.89449211 24.12 206.866223  65.165703 16.305
 33    53.957 53354.89449276 22.03 206.863213  65.162603 16.305
 35    53.650 53424.89449453 16.90 206.878768  65.172502 15.767
 35    54.006 53424.89449517 18.37 206.875758  65.169392 15.767
 35    53.738 53424.89449582 19.29 206.872748  65.166292 15.767
 38    77.167 53529.89455888 21.05 206.883253  65.174512 17.795
 38    56.558 53529.89455953 27.17 206.880233  65.171412 17.795
 38    56.603 53529.89456017 29.89 206.877223  65.168312 17.795
 39    57.104 53564.89459127 38.78 206.861631  65.168689 19.908
 39    57.169 53564.89459191 38.30 206.858621  65.165589 19.908
 39    57.093 53564.89459256 27.00 206.855611  65.162489 19.908
 39    55.780 53564.89459320 28.58 206.852601  65.159379 19.908
 39    55.961 53564.89459385 27.23 206.849591  65.156279 19.908
 39    55.680 53564.89459449 35.59 206.846581  65.153169 19.908
 39    55.695 53564.89459513 38.63 206.843571  65.150069 19.908
 40    57.995 53599.89453255 41.27 206.871030  65.172232 19.902
 40    57.875 53599.89453319 46.79 206.868020  65.169122 19.902
 40    56.554 53599.89453384 44.34 206.865010  65.166022 19.902
 40    57.075 53599.89453448 40.97 206.862000  65.162922 19.902
 43    54.928 53704.89448741 18.34 206.875510  65.171303 10.166
 43    55.617 53704.89448805 19.35 206.872500  65.168203 10.166
 43    55.736 53704.89448870 20.06 206.869490  65.165093 10.166
 44    55.965 53739.89439942 17.42 206.855982  65.167033  9.467
 44    55.936 53739.89440006 19.80 206.852972  65.163933  9.467
 44    56.117 53739.89440070 21.05 206.849962  65.160823  9.467
 44    57.981 53739.89440135 21.53 206.846952  65.157723  9.467
 44    57.817 53739.89440199 21.84 206.843952  65.154623  9.467
 44    57.722 53739.89440264 23.47 206.840942  65.151513  9.467
 44    58.280 53739.89440328 22.28 206.837932  65.148413  9.467
 44    58.342 53739.89440393 21.66 206.834932  65.145303  9.467
 44    58.208 53739.89440457 22.27 206.831928  65.142202  5.105
 44    58.234 53739.89440522 21.44 206.828918  65.139102  5.105
 44    58.181 53739.89440586 21.76 206.825918  65.135992  5.105
 44    58.171 53739.89440651 21.01 206.822918  65.132892  5.105
 44    58.015 53739.89440715 20.44 206.819918  65.129782  5.105
 44    57.608 53739.89440780 20.05 206.816918  65.126682  5.105
 44    57.303 53739.89440844 18.74 206.813918  65.123582  5.105
 44    56.426 53739.89440909 19.19 206.810918  65.120472  5.105
 46    57.194 53809.89440192 13.02 206.861166  65.167602  8.313
 46    57.812 53809.89440256 13.81 206.858166  65.164502  8.313
 46    57.897 53809.89440321 14.49 206.855156  65.161392  8.313
 46    58.647 53809.89440385 15.27 206.852146  65.158292  8.313
 46    59.273 53809.89440450 15.72 206.849136  65.155182  8.313
 46    59.340 53809.89440514 16.50 206.846126  65.152082  8.313
 47    55.332 53844.89444334 12.19 206.883117  65.171667  8.430
 47    55.480 53844.89444398 13.24 206.880097  65.168567  8.430
 50    54.713 53949.89454275 27.40 206.844486  65.151375  7.681
 50    54.512 53949.89454339 28.17 206.841476  65.148275  7.681
 51    59.113 53984.89447691 40.16 206.863172  65.168949 16.166
 51    58.486 53984.89447756 42.29 206.860152  65.165849 16.166
 51    58.081 53984.89447820 39.87 206.857152  65.162749 16.166
 51    59.381 53984.89447885 39.69 206.854142  65.159639 16.166
 51    59.013 53984.89447949 44.97 206.851132  65.156539 16.166
 51    59.267 53984.89448014 41.93 206.848122  65.153429 16.166
 54    55.744 54089.89449278 18.59 206.867708  65.169418  7.957
 54    55.228 54089.89449342 19.00 206.864698  65.166318  7.957
 54    56.184 54089.89449406 20.57 206.861688  65.163218  7.957
 54    56.823 54089.89449471 21.00 206.858678  65.160108  7.957
 61    57.660 54334.89448271 43.84 206.872438  65.172383 14.592
 61    59.201 54334.89448336 44.79 206.869418  65.169283 14.592
 61    57.700 54334.89448400 43.83 206.866408  65.166173 14.592
 61    57.379 54334.89448464 44.90 206.863398  65.163073 14.592
 65    55.539 54474.89441354 13.93 206.881903  65.171903  7.005
 65    53.866 54474.89441419 15.08 206.878893  65.168803  7.005
 67    54.822 54544.89442772  8.99 206.877232  65.173530  5.390
 67    55.487 54544.89442837 10.37 206.874222  65.170430  5.390
 67    55.321 54544.89442901 10.60 206.871212  65.167330  5.390
 67    56.627 54544.89442965 11.56 206.868202  65.164220  5.390
 68    57.000 54579.89439547 17.63 206.880863  65.170763 13.362
 68    57.820 54579.89439612 20.24 206.877853  65.167663 13.362
 69    57.202 54614.89441727 18.60 206.879146  65.173140  7.416
 69    56.798 54614.89441791 19.67 206.876136  65.170040  7.416
 75    54.487 54824.89439373 15.34 206.881734  65.171014  6.571
 75    55.887 54824.89439438 15.98 206.878724  65.167914  6.571
 77    57.088 54894.89439557  9.67 206.871137  65.171189  6.515
 77    57.964 54894.89439621  9.61 206.868127  65.168079  6.515
 77    57.288 54894.89439686 10.95 206.865107  65.164979  6.515
 77    57.939 54894.89439750 11.35 206.862097  65.161879  6.515
 80    57.750 54999.89441557 41.89 206.874549  65.172184 16.570
 80    59.129 54999.89441621 43.76 206.871539  65.169084 16.570
 80    56.165 54999.89441686 41.80 206.868519  65.165974 16.570
 80    56.366 54999.89441750 38.39 206.865509  65.162874 16.570
 84    54.193 55139.89433890 34.16 206.877390  65.173065 16.838
 84    54.826 55139.89433954 37.80 206.874380  65.169955 16.838
 84    56.039 55139.89434019 40.14 206.871370  65.166855 16.838
 84    55.645 55139.89434083 30.54 206.868360  65.163755 16.838
 86    53.906 55209.89433392 15.09 206.881666  65.174026  6.393
 86    54.137 55209.89433457 17.23 206.878656  65.170926  6.393
 86    55.232 55209.89433521 17.83 206.875646  65.167826  6.393
 89    58.421 55314.89429290 23.08 206.879503  65.172827  7.067
 89    58.163 55314.89429355 21.89 206.876487  65.169722 18.841
 89    56.823 55314.89429419 24.23 206.873477  65.166622 18.841
 90    59.174 55349.89429958 13.21 206.872648  65.171337  4.495
 90    58.646 55349.89430022 14.94 206.869638  65.168237  4.495
 90    61.249 55349.89430087 14.62 206.866628  65.165127  4.495
 90    61.113 55349.89430151 16.56 206.863618  65.162027  4.495
 93    54.781 55454.89429611 27.86 206.866533  65.169847 13.606
 93    54.738 55454.89429676 34.17 206.863523  65.166747 13.606
 93    54.596 55454.89429740 30.35 206.860513  65.163647 13.606
 93    54.467 55454.89429805 32.69 206.857503  65.160537 13.606
 93    54.488 55454.89429869 40.49 206.854493  65.157437 13.606
 94    52.219 55489.89421968 48.22 206.839244  65.149407 36.634
 94    52.031 55489.89422032 44.41 206.836234  65.146297 36.634
 94    51.997 55489.89422097 38.31 206.833234  65.143197 36.634
 94    52.055 55489.89422161 40.39 206.830224  65.140097 36.634
 94    51.832 55489.89422225 41.78 206.827224  65.136987 36.634
 94    52.063 55489.89422290 43.16 206.824224  65.133887 36.634
 94    51.898 55489.89422354 50.02 206.821214  65.130777 36.634
 94    51.904 55489.89422419 53.32 206.818214  65.127677 36.634
 94    51.923 55489.89422483 51.53 206.815214  65.124577 36.634
