# NaN NaN NaN ;Mean Elev.(m), Avg Gradient(m/km), RMS Gradient(m/km) - SRTM1     
#   64.504   3.406   9.458 ;Mean Elev.(m), Avg Gradient(m/km), RMS Gradient(m/km) - ASTER GDEM
#   48.417  -0.736   6.740 ;Mean Elev.(m), Avg Gradient(m/km), RMS Gradient(m/km) - GMTED2010 
  7 205.996197  65.038404    51.011    51.011  2 52471.29250750 51.261
  8 206.000811  65.038588    50.686    50.686  2 52506.29248651 53.453
 10 205.992733  65.036817    48.622    48.622  2 52576.29251668 43.650
 11 206.002346  65.037915    49.748    49.748  2 52611.29247889 33.868
 12 205.994451  65.036120    49.904    49.904  2 52646.29246581 13.878
 15 205.997407  65.036736    49.491    49.491  2 52751.29251864 13.015
 16 205.981813  65.035239    50.336    50.336  2 52786.29246279 49.347
 17 205.985986  65.036433    50.752    50.752  2 52821.29253659 50.690
 18 205.994798  65.036014    51.392    51.392  2 52856.29258381 43.181
 19 205.993600  65.037047    51.635    51.635  2 52891.29261655 50.019
 20 206.008950  65.038539    49.688    49.688  2 52926.29256893 28.231
 21 205.993485  65.037865    48.120    48.120  2 52961.29253716 27.481
 22 205.993333  65.038211    49.428    49.428  2 52996.29257661 12.741
 23 206.007327  65.040203    49.279    49.279  2 53031.29253832  7.497
 24 205.997318  65.037989    49.575    49.575  2 53066.29254604  4.847
 25 206.006142  65.038974    50.499    50.499  2 53101.29254544  4.728
 26 205.997987  65.037102    50.530    50.530  2 53136.29254763 48.909
 27 205.991129  65.037677    53.282    53.282  2 53171.29259971 13.181
 28 205.996955  65.037919    50.563    50.539  3 53206.29261282 46.547
 29 206.007538  65.039726    50.368    50.368  2 53241.29258059 52.601
 30 205.984913  65.034032    49.621    49.621  2 53276.29255014 14.572
 31 205.992056  65.037583    47.973    47.973  2 53311.29259188 47.048
 32 206.001918  65.039380    49.240    49.240  2 53346.29255782 11.440
 33 205.986207  65.035945    49.501    49.501  2 53381.29251544  8.493
 34 206.003170  65.040074    50.362    50.362  2 53416.29253590  4.710
 35 205.984619  65.033644    49.067    49.067  2 53451.29253256  6.610
 36 205.989016  65.034691    48.492    48.492  2 53486.29261798 34.998
 37 206.000106  65.038935    52.630    52.630  2 53521.29261169 48.551
 38 205.992113  65.037976    51.113    51.113  2 53556.29263584 26.589
 39 206.013652  65.039166    50.799    50.799  2 53591.29257463 51.142
 40 205.977094  65.034727    50.354    50.354  2 53626.29256146 51.320
 41 205.991705  65.036164    49.420    49.420  2 53661.29258705 44.738
 42 206.002915  65.039917    48.886    48.886  2 53696.29255680 22.418
 44 205.997270  65.038102    48.988    48.957  3 53766.29245074 10.948
 45 206.011113  65.039394    49.844    49.844  2 53801.29245289  8.350
 46 205.985141  65.036247    49.965    49.965  2 53836.29245999  4.662
 47 205.992745  65.038427    53.180    53.180  2 53871.29251636 32.206
 48 205.992732  65.036384    51.287    51.287  2 53906.29255448 46.963
 49 205.989237  65.036197    51.062    51.130  3 53941.29258360 36.500
 50 206.005227  65.039063    52.213    52.210  3 53976.29253922 50.602
 51 205.984174  65.036707    49.693    49.693  2 54011.29254116 28.612
 52 206.001141  65.037458    48.842    48.842  2 54046.29255490 43.064
 53 206.004590  65.037861    49.392    49.392  2 54081.29254785 22.430
 54 206.011638  65.041054    49.029    49.029  2 54116.29248144 10.823
 55 205.996704  65.036757    49.071    49.071  2 54151.29249822  8.958
 56 206.010880  65.039593    49.040    49.100  3 54186.29247337  7.493
 57 205.991554  65.036738    49.264    49.264  2 54221.29250797 37.440
 58 205.997361  65.038706    50.910    50.910  2 54256.29253129 22.620
 59 205.999684  65.038500    51.244    51.244  2 54291.29253283 47.193
 60 206.002220  65.039064    51.652    51.652  2 54326.29253030 52.442
 61 206.012756  65.040172    50.039    50.046  3 54361.29248173 31.769
 62 205.997009  65.037410    48.935    48.935  2 54396.29247001 43.737
 63 206.007898  65.040156    49.157    49.157  2 54431.29243174 12.658
 64 205.993974  65.037002    49.249    49.249  2 54466.29245079  8.544
 65 206.004955  65.039257    49.191    49.191  2 54501.29244503  8.000
 66 206.000641  65.037817    49.719    49.719  2 54536.29246583  6.196
 67 206.008945  65.040446    50.370    50.370  2 54571.29244752  2.223
 68 205.997441  65.036903    50.894    50.894  2 54606.29245973 46.711
 69 206.001221  65.037819    50.858    50.858  2 54641.29246901 26.766
 70 205.997440  65.038093    52.062    52.062  2 54676.29247132 45.864
 71 206.011158  65.039696    51.265    51.308  3 54711.29242657 52.286
 72 205.995197  65.037365    49.803    49.803  2 54746.29243908 31.206
 73 206.002694  65.039181    50.416    50.416  2 54781.29241169 23.998
 74 205.993989  65.037469    50.358    50.337  3 54816.29243220 11.670
 75 206.005107  65.038432    50.705    50.705  2 54851.29240967  3.810
 76 205.994643  65.038270    50.581    50.581  2 54886.29243630  3.080
 77 206.011511  65.039130    51.358    51.358  2 54921.29241068  2.273
 78 205.992544  65.037329    52.045    52.045  2 54956.29243228 40.193
 79 205.994880  65.038146    52.158    52.158  2 54991.29245552 50.980
 80 206.001978  65.039948    50.981    50.981  2 55026.29244648 50.670
 81 205.999277  65.039052    49.988    49.988  2 55061.29243987 51.181
 82 206.011957  65.040178    49.857    49.857  2 55096.29238944 30.311
 83 205.994443  65.038944    48.521    48.521  2 55131.29238244 43.526
 84 206.004327  65.039193    48.878    48.904  3 55166.29235149 17.100
 85 205.993709  65.038442    49.399    49.399  2 55201.29237454  9.565
 86 206.007266  65.038361    49.896    49.896  2 55236.29235762  9.694
 87 205.997870  65.039024    49.658    49.658  2 55271.29236884  7.561
 88 206.011874  65.040072    49.964    49.947  3 55306.29233963 32.099
 89 205.997442  65.039387    49.977    49.977  2 55341.29233960 48.745
 90 206.004828  65.037597    50.481    50.481  2 55376.29233198 33.418
 91 205.996575  65.037001    52.085    52.085  2 55411.29235507 44.805
 92 206.002622  65.037798    50.661    50.661  2 55446.29234760 23.159
 93 206.016207  65.039973    48.957    48.957  2 55481.29227998 51.648
