# NaN NaN NaN ;Mean Elev.(m), Avg Gradient(m/km), RMS Gradient(m/km) - SRTM1     
#   12.385   0.224   4.869 ;Mean Elev.(m), Avg Gradient(m/km), RMS Gradient(m/km) - ASTER GDEM
#   35.735  -0.136   1.954 ;Mean Elev.(m), Avg Gradient(m/km), RMS Gradient(m/km) - GMTED2010 
  8 201.527614  64.449935    31.039    31.024  5 52499.30633783 30.936
 11 201.526514  64.448475    29.356    29.339  6 52604.30633813 34.098
 12 201.515195  64.440684    29.224    29.190  8 52639.30631765 30.871
 13 201.525156  64.449686    28.929    28.984  6 52674.30631510 11.703
 14 201.517747  64.442588    31.207    31.221  7 52709.30632884  7.216
 16 201.516277  64.436581    31.666    31.649  6 52779.30629238 51.665
 17 201.515297  64.437095    32.475    32.478  6 52814.30637662 50.989
 18 201.515681  64.443232    31.966    31.958  7 52849.30643058 50.182
 19 201.520992  64.445324    32.044    32.042  7 52884.30646632 50.929
 20 201.527193  64.451413    30.170    30.179  5 52919.30642356 50.249
 21 201.518468  64.443369    28.703    28.654  7 52954.30638550 47.483
 22 201.527540  64.448777    29.242    29.267  5 52989.30639503 18.434
 24 201.525823  64.448311    27.549    27.610  5 53059.30637525 16.170
 25 201.524941  64.447698    27.297    27.449  6 53094.30641301 15.947
 26 201.521721  64.444540    30.721    30.695  6 53129.30638442 45.127
 28 201.521911  64.445869    31.521    31.497  7 53199.30645397 51.572
 29 201.531929  64.451860    31.134    31.160  5 53234.30642477 38.481
 30 201.515428  64.435611    29.237    29.183  5 53269.30638842 47.709
 31 201.515958  64.436901    28.481    28.468  6 53304.30644970 45.455
 32 201.525367  64.448376    28.863    28.850  5 53339.30642034 13.446
 33 201.532533  64.454490    29.195    29.093  5 53374.30635308 10.776
 34 201.522595  64.445326    30.619    30.782  6 53409.30639370  7.610
 35 201.532609  64.452991    27.747    27.871  5 53444.30637833 17.848
 36 201.514132  64.441788    29.942    29.113  7 53479.30645507  8.678
 37 201.522071  64.447126    34.601    34.614  6 53514.30646375 49.871
 38 201.522243  64.445569    32.994    32.978  6 53549.30648218 51.684
 39 201.527388  64.448811    31.894    31.923  5 53584.30644574 51.852
 40 201.529949  64.453451    30.695    30.698  5 53619.30640322 20.934
 41 201.517942  64.444499    31.081    31.096  7 53654.30642716 34.175
 42 201.522257  64.446545    29.362    29.370  6 53689.30642328 35.272
 43 201.532759  64.455022    29.993    30.051  4 53724.30634909 16.627
 44 201.520547  64.445420    29.208    29.194  7 53759.30628926 12.118
 45 201.528445  64.451402    28.714    28.578  5 53794.30630966 16.638
 46 201.516659  64.442314    27.657    28.173  7 53829.30628324 11.682
 47 201.517707  64.441375    29.277    29.362  7 53864.30636320 30.209
 48 201.522012  64.444487    32.278    32.282  6 53899.30638889 50.521
 49 201.516205  64.443479    31.831    31.761  7 53934.30643293 21.979
 50 201.522888  64.446822    31.241    31.219  6 53969.30640376 37.791
 51 201.516305  64.439891    30.823    30.869  7 54004.30637593 29.707
 52 201.521336  64.445431    29.437    29.461  7 54039.30640948 48.073
 53 201.525679  64.448225    28.957    28.955  6 54074.30640428 20.698
 54 201.532336  64.453319    29.167    29.188  5 54109.30635056 17.473
 55 201.518443  64.443594    28.395    28.377  6 54144.30634145 26.009
 57 201.519489  64.443104    29.014    29.149  6 54214.30634908 27.337
 58 201.520539  64.445333    30.772    30.841  7 54249.30637737 50.623
 59 201.524864  64.447462    31.573    31.511  5 54284.30638530 47.491
 60 201.525434  64.447847    31.600    31.610  6 54319.30638277 16.836
 61 201.529294  64.452419    31.002    30.993  5 54354.30634694 49.112
 62 201.522457  64.446988    29.744    29.729  6 54389.30632289 50.207
 63 201.525963  64.449882    29.016    29.041  6 54424.30629636 41.803
 64 201.517956  64.443678    28.776    28.652  6 54459.30629778 11.278
 65 201.527406  64.449724    29.186    29.008  6 54494.30630095  8.702
 66 201.520266  64.446117    27.913    27.587  6 54529.30631096 10.125
 67 201.528771  64.452761    27.301    27.404  5 54564.30630849 26.014
 68 201.522089  64.446259    34.057    34.108  7 54599.30630666 47.224
 69 201.522094  64.446175    31.748    31.732  6 54634.30631914 27.007
 70 201.524269  64.446794    31.735    31.708  6 54669.30632400 27.066
 71 201.528082  64.452259    31.805    31.878  5 54704.30628865 25.274
 72 201.519808  64.443547    30.741    30.848  6 54739.30628592 21.022
 73 201.527239  64.450082    30.041    29.995  5 54774.30626919 46.339
 74 201.518011  64.440759    29.927    29.884  7 54809.30627894 15.453
 75 201.525762  64.449468    29.434    29.428  6 54844.30626754 13.631
 76 201.519797  64.444734    30.611    30.271  6 54879.30628283  8.835
 77 201.528662  64.449824    29.728    29.892  5 54914.30627143  7.549
 78 201.519513  64.445156    28.523    28.532  7 54949.30627551 30.430
 79 201.520097  64.446484    33.632    33.660  6 54984.30630075 35.830
 80 201.523223  64.448940    32.687    32.668  6 55019.30629704 51.895
 81 201.526407  64.448200    30.894    30.877  6 55054.30629311 47.791
 82 201.528121  64.452183    31.166    31.196  5 55089.30625426 47.788
 83 201.520267  64.446659    29.612    29.626  6 55124.30622993 30.870
 84 201.525743  64.449850    29.109    29.106  6 55159.30621477 19.371
 85 201.518326  64.441384    29.660    29.682  7 55194.30621925 13.024
 86 201.527821  64.450278    28.511    28.352  6 55229.30621695 18.154
 87 201.522154  64.446401    28.966    28.975  6 55264.30621519 12.407
 88 201.528878  64.451640    27.592    27.726  5 55299.30620029 22.391
 89 201.523877  64.447694    32.704    32.922  6 55334.30619313 33.547
 90 201.524796  64.448796    31.547    31.532  6 55369.30618431 49.808
 91 201.519370  64.444973    32.054    32.027  6 55404.30620073 51.396
 92 201.526753  64.449446    32.509    32.507  6 55439.30620280 48.879
 93 201.530641  64.452606    29.935    29.942  5 55474.30614942 51.652
