# NaN NaN NaN ;Mean Elev.(m), Avg Gradient(m/km), RMS Gradient(m/km) - SRTM1     
#   -5.004  -3.858  17.866 ;Mean Elev.(m), Avg Gradient(m/km), RMS Gradient(m/km) - ASTER GDEM
#    1.357  -3.273  17.710 ;Mean Elev.(m), Avg Gradient(m/km), RMS Gradient(m/km) - GMTED2010 
 13 198.056583  61.595504     5.888     5.888  2 52666.91113803 16.911
 14 198.070781  61.587553     5.421     5.421  2 52701.91110920 43.335
 16 198.055145  61.602124     7.609     7.607  3 52771.91111918 48.787
 20 198.057763  61.594754     9.743     9.743  2 52911.91123059 18.729
 21 198.071346  61.586617     5.910     5.910  2 52946.91118732 50.425
 23 198.054266  61.599408     5.557     5.568  3 53016.91121958 11.962
 24 198.066279  61.589681     4.783     4.783  2 53051.91119964 19.851
 25 198.052599  61.607558     4.708     4.638  4 53086.91123353 16.746
 27 198.057050  61.596145    11.516    11.516  2 53156.91126098 48.724
 29 198.057539  61.593427     7.941     7.941  2 53226.91125605 40.021
 30 198.053761  61.606933     8.076     7.698  4 53261.91122720 22.602
 31 198.054930  61.594656    10.044    10.044  2 53296.91126451 15.857
 33 198.054760  61.599966     5.691     5.704  3 53366.91118153 15.908
 35 198.054502  61.597880     5.952     5.777  3 53436.91119881 12.562
 36 198.059754  61.593153     4.328     4.328  2 53471.91125129 19.517
 37 198.055266  61.594802    12.135    12.135  2 53506.91128227 34.022
 38 198.055555  61.596586    11.880    11.880  2 53541.91128809 42.174
 39 198.054700  61.601304    10.231    10.207  4 53576.91127548 45.125
 40 198.052764  61.605349     8.862     8.877  4 53611.91122681 40.790
 42 198.054677  61.601352     6.963     6.919  3 53681.91124804 39.926
 43 198.055702  61.597972    10.001    10.001  2 53716.91117612 14.247
 44 198.069537  61.587262     6.655     6.655  2 53751.91109666 12.282
 46 198.054480  61.606350     4.836     4.832  4 53821.91107885 12.472
 49 198.054549  61.601359    11.323    11.084  4 53926.91124367 35.383
 50 198.054486  61.606715     9.281     9.228  4 53961.91122765 37.971
 51 198.073276  61.587552    11.404    11.404  2 53996.91117353 21.291
 54 198.054279  61.602447     5.826     5.872  3 54101.91117850 11.764
 56 198.054707  61.600126     4.549     4.533  4 54171.91115575 20.313
 59 198.058590  61.593927     9.835     9.835  2 54276.91119880 17.930
 60 198.058432  61.593469     9.278     9.278  2 54311.91119980 42.947
 61 198.054294  61.601073     9.490     9.474  3 54346.91117151 25.829
 63 198.055512  61.598378     6.069     6.069  2 54416.91112117 47.435
 67 198.056129  61.600646    11.387    11.488  3 54556.91112790  0.423
 71 198.055781  61.598593    10.128    10.110  3 54696.91111359 39.548
 73 198.056955  61.593507     8.199     8.199  2 54766.91109379 40.962
 75 198.057637  61.594839     9.186     9.186  2 54836.91108570  9.235
 77 198.054940  61.604712    11.796    11.839  4 54906.91109191  9.189
 80 198.056762  61.596032    11.216    11.216  2 55011.91111617 50.321
 82 198.054616  61.602130     9.183     8.921  3 55081.91107917 24.456
 84 198.056325  61.596381     6.136     6.136  2 55151.91103811 46.851
 86 198.056269  61.596495     5.085     5.085  2 55221.91103659 42.375
 87 198.060443  61.591476     8.346     8.346  2 55256.91102339 15.517
 88 198.054035  61.601427     4.497     4.475  4 55291.91102388 15.596
 89 198.056579  61.594058     9.371     9.371  2 55326.91100715 38.776
 90 198.055219  61.596246    12.100    12.100  2 55361.91100328 25.200
 93 198.054389  61.603098     9.245     8.804  3 55466.91097694 28.141
