# NaN NaN NaN ;Mean Elev.(m), Avg Gradient(m/km), RMS Gradient(m/km) - SRTM1     
#   36.107  -5.374  22.154 ;Mean Elev.(m), Avg Gradient(m/km), RMS Gradient(m/km) - ASTER GDEM
#   30.980  -2.056  17.583 ;Mean Elev.(m), Avg Gradient(m/km), RMS Gradient(m/km) - GMTED2010 
  7 201.193765  64.002404     4.553     4.104  5 52448.30827093 22.872
  8 201.201571  64.008695    28.127    28.129  4 52483.30826005 35.414
  9 201.216480  64.003987    29.065    29.127  9 52518.30821697 21.148
 10 201.187643  64.004744    28.307    27.665  5 52553.30826788 24.045
 11 201.213301  64.000022    25.918    26.039  8 52588.30824728 40.807
 12 201.217227  64.002448    27.090    26.870  9 52623.30820133 28.762
 13 201.209281  63.999310    27.033    27.043  8 52658.30821788 15.978
 15 201.210981  63.999422    25.116    25.447  8 52728.30823842 14.940
 16 201.211329  64.000719    27.320    27.076  8 52763.30825148 35.360
 17 201.197703  64.004282    30.051    29.523  5 52798.30822474 19.830
 18 201.197786  64.004538    30.070    30.102  5 52833.30829525 19.232
 19 201.205149  64.007410    28.756    28.534  4 52868.30833800 46.586
 20 201.212090  63.999996    29.073    29.209  8 52903.30835086 48.780
 21 201.220336  64.003607    26.193    26.138  8 52938.30828843 46.906
 22 201.197201  64.003666    25.644    25.671  5 52973.30832406 20.356
 23 201.201545  64.003255    26.339    26.507  7 53008.30833238  9.429
 24 201.197688  63.995646    25.548    25.625  6 53043.30828835  8.706
 25 201.207934  63.999485    25.330    25.460  8 53078.30832202 10.251
 26 201.186873  64.003993    28.132    27.222  5 53113.30829397 29.806
 27 201.194846  64.007637    30.313    30.190  4 53148.30833932 47.487
 28 201.205713  64.008032    29.267    28.955  5 53183.30833765 46.448
 29 201.202681  64.007666    28.111    28.019  5 53218.30836199 21.621
 31 201.194313  63.994333    26.904    26.777  6 53288.30833912 24.943
 32 201.214238  64.001201    22.310    22.292  9 53323.30831556 31.085
 33 201.220106  64.003419    25.739    25.809  9 53358.30827992 14.109
 34 201.193905  64.002451    28.036    27.768  5 53393.30829645  7.850
 35 201.217525  64.002261    28.590    28.635  9 53428.30829012  6.269
 36 201.202744  63.996719    29.217    29.313  6 53463.30830918  6.306
 37 201.193638  64.005828    32.891    32.847  3 53498.30838132 42.565
 38 201.214196  64.001043    31.426    31.351  9 53533.30836259 31.070
 39 201.207495  63.998523    30.082    30.076  8 53568.30838010 34.401
 40 201.217058  64.004743    28.423    28.378  9 53603.30832659 42.489
 41 201.188085  64.007450    28.735    28.575  3 53638.30832615 21.184
 42 201.198427  64.002686    26.475    26.472  7 53673.30834537 44.020
 43 201.220962  64.003942    26.954    26.939  9 53708.30827625 25.512
 44 201.225389  64.006605    27.405    27.503  8 53743.30818747 20.916
 45 201.211730  63.999721    27.129    27.145  8 53778.30821392 18.821
 46 201.222612  64.006343    27.362    27.492  8 53813.30818964 14.895
 47 201.199282  63.996057    27.670    27.452  6 53848.30824513 12.939
 49 201.203059  63.996883    30.899    30.865  6 53918.30832655 18.781
 50 201.198896  64.002718    29.011    28.428  7 53953.30833037 28.388
 52 201.194773  64.005359    27.732    27.575  5 54023.30831108 41.269
 53 201.213732  64.000436    26.411    26.299  8 54058.30830203 27.543
 54 201.217244  64.003184    26.628    26.637  8 54093.30828261 21.206
 55 201.199545  63.996177    26.406    26.332  6 54128.30821978 11.470
 56 201.211268  63.999689    26.548    26.383  8 54163.30825184 12.587
 57 201.202763  63.996799    26.577    26.529  6 54198.30822220 32.877
 58 201.202795  64.003358    28.137    28.122  6 54233.30826653 46.276
 59 201.209930  64.000205    30.602    30.413  8 54268.30828468 19.799
 60 201.208469  64.001769    32.502    30.616  9 54303.30828864 18.922
 61 201.213778  64.001185    29.507    29.291  9 54338.30827369 47.722
 62 201.197848  64.006863    28.250    28.241  4 54373.30822319 38.568
 63 201.210615  63.999584    25.229    25.212  8 54408.30821894 43.706
 64 201.193286  64.002355    26.480    26.454  5 54443.30818337 13.835
 65 201.210476  63.999488    26.317    26.209  8 54478.30820835 11.362
 66 201.194553  64.003454    26.087    26.393  5 54513.30819855  8.123
 67 201.212809  64.001446    26.797    26.531  9 54548.30822241  7.358
 68 201.205625  64.002596    25.575    25.280  7 54583.30819398 22.821
 69 201.202722  64.006621    30.164    30.193  4 54618.30821507 49.826
 70 201.204278  64.003933    29.381    29.366  6 54653.30822629 45.568
 71 201.213610  64.000496    30.004    29.877  8 54688.30821457 50.161
 72 201.191440  64.007220    28.295    28.245  3 54723.30817510 17.207
 73 201.210307  63.999930    27.455    27.369  8 54758.30819013 42.921
 74 201.192015  64.002435    27.514    27.533  5 54793.30816742 21.060
 75 201.207678  63.999208    27.509    27.486  8 54828.30818861 13.515
 76 201.196889  64.003117    29.247    28.419  5 54863.30816167  5.706
 77 201.211330  63.999667    29.583    29.684  8 54898.30818832  5.049
 78 201.203943  63.997089    30.170    30.293  6 54933.30815509  5.357
 79 201.206922  64.001496    35.045    35.051  9 54968.30819016 51.094
 80 201.197789  64.008632    30.111    30.027  4 55003.30821139 15.817
 81 201.203170  64.008285    29.710    29.023  4 55038.30819802 15.397
 82 201.212878  64.002835    27.737    27.798  9 55073.30818217 35.082
 83 201.192563  64.007295    27.687    27.661  3 55108.30813039 49.731
 84 201.210764  63.999757    27.196    27.217  8 55143.30813293 38.251
 85 201.199001  63.996437    26.857    26.928  6 55178.30810092 13.500
 86 201.209952  63.999561    26.906    26.925  8 55213.30812760 10.408
 87 201.200405  64.002046    26.934    26.969  7 55248.30810216 19.333
 88 201.210716  64.001895    27.069    27.126  9 55283.30812183  9.522
 89 201.204260  64.004324    27.737    27.537  7 55318.30809271 35.812
 90 201.210281  64.001677    28.399    28.424  9 55353.30809454 50.566
 91 201.193401  64.005451    30.188    30.354  3 55388.30809311 11.692
 92 201.204414  64.006963    29.670    29.653  4 55423.30811334 29.979
 93 201.215361  64.002243    28.734    28.417  9 55458.30808407 22.236
