#   20.382  -5.115  26.567 ;Mean Elev.(m), Avg Gradient(m/km), RMS Gradient(m/km)
  7    20.432 52453.90710335 14.83 199.771676  61.961169 24.816
  7    20.721 52453.90710399 15.83 199.769226  61.958019 24.816
  8    13.905 52488.90708167 45.65 199.776279  61.959293 10.607
  8    11.968 52488.90708231 48.42 199.773829  61.956153 10.607
 11    12.253 52593.90710921 49.50 199.767612  61.958512 13.526
 11    11.903 52593.90710986 31.52 199.765162  61.955362 13.526
 12    12.108 52628.90703425 24.85 199.793611  61.962286  6.858
 12    12.148 52628.90703489 27.15 199.791161  61.959136  6.858
 12    12.300 52628.90703554 26.78 199.788711  61.955986  6.858
 13    11.556 52663.90707032 26.55 199.774602  61.961328  6.506
 13    13.621 52663.90707096 18.54 199.772152  61.958178  6.506
 13    13.455 52663.90707161 21.53 199.769702  61.955028  6.506
 14    11.734 52698.90704421 42.13 199.795941  61.962182 15.212
 14    11.382 52698.90704485 43.32 199.793491  61.959032 15.212
 14    10.265 52698.90704550 46.11 199.791031  61.955892 15.212
 15    12.406 52733.90706968 19.29 199.781457  61.961206  5.281
 15    11.814 52733.90707032 19.72 199.778997  61.958056  5.281
 15    13.827 52733.90707096 18.47 199.776547  61.954906  5.281
 17    16.436 52803.90709451 42.58 199.788825  61.960169 11.841
 17    16.263 52803.90709515 46.60 199.786375  61.957019 11.841
 17    15.981 52803.90709579 43.26 199.783915  61.953869 11.841
 18    14.622 52838.90715732 15.44 199.786683  61.960876  8.654
 18    14.914 52838.90715797 19.34 199.784233  61.957726  8.654
 18    15.671 52838.90715861 21.25 199.781783  61.954576  8.654
 21    32.542 52943.90710756 14.53 199.798618  61.961970 12.854
 21    32.104 52943.90710821 20.03 199.796158  61.958820 12.854
 21    31.415 52943.90710885 20.12 199.793708  61.955670 12.854
 22    12.807 52978.90716357 17.15 199.785379  61.961690  4.613
 22    13.700 52978.90716422 16.10 199.782929  61.958540  4.613
 22    14.608 52978.90716486 17.50 199.780479  61.955390  4.613
 23    12.537 53013.90716298 12.02 199.768289  61.959310  3.250
 23    10.957 53013.90716363 13.31 199.765839  61.956160  3.250
 24    11.233 53048.90713363 10.12 199.785227  61.959352  3.224
 24    14.008 53048.90713427  9.21 199.782777  61.956202  3.224
 25    10.128 53083.90716956 10.55 199.765319  61.960903  4.033
 25    10.153 53083.90717021 11.40 199.762869  61.957753  4.033
 28    15.580 53188.90717935 30.62 199.785125  61.960455 13.743
 28    15.439 53188.90717999 41.70 199.782675  61.957305 13.743
 28    14.600 53188.90718064 49.47 199.780215  61.954155 13.743
 29    13.713 53223.90719470 32.16 199.775705  61.961262 14.243
 29    13.695 53223.90719534 41.64 199.773255  61.958112 14.243
 29    11.816 53223.90719599 46.36 199.770805  61.954962 14.243
 30    11.424 53258.90717065 34.03 199.762209  61.959554  8.551
 30    13.767 53258.90717130 22.20 199.759759  61.956404  8.551
 31    34.494 53293.90719361  3.73 199.777798  61.961567  9.506
 31    15.873 53293.90719490 14.14 199.772888  61.955267  9.506
 32     9.990 53328.90716715 23.87 199.778008  61.961318  5.137
 32    10.253 53328.90716779 22.73 199.775558  61.958168  5.137
 32     9.813 53328.90716844 22.54 199.773108  61.955018  5.137
 33    10.878 53363.90711943 17.72 199.772900  61.961102  4.406
 33    10.748 53363.90712008 18.62 199.770450  61.957952  4.406
 34    10.799 53398.90714279 10.91 199.780713  61.959389  3.606
 34    13.236 53398.90714344 11.08 199.778253  61.956239  3.606
 35    14.844 53433.90713343  5.39 199.771921  61.960746  2.747
 35    14.431 53433.90713407  8.30 199.769471  61.957596  2.747
 36     9.421 53468.90717432 19.23 199.783785  61.960251  7.412
 36     9.401 53468.90717496 18.29 199.781335  61.957101  7.412
 36     9.159 53468.90717561 16.38 199.778875  61.953951  7.412
 38    17.033 53538.90721688 21.72 199.774019  61.959976 10.277
 38    17.685 53538.90721753 23.47 199.771569  61.956826 10.277
 39    16.996 53573.90721612 18.72 199.766794  61.958521 11.068
 39    17.585 53573.90721676 30.97 199.764344  61.955371 11.068
 41    15.082 53643.90716765 17.33 199.784672  61.958074  9.935
 41    15.747 53643.90716829 20.29 199.782212  61.954924  9.935
 42    10.818 53678.90718575 43.05 199.769591  61.960381 11.975
 42    10.780 53678.90718639 41.96 199.767141  61.957231 11.975
 43    11.077 53713.90711424 21.49 199.770641  61.959522  7.379
 43    14.425 53713.90711488 19.21 199.768191  61.956372  7.379
 44    11.227 53748.90702786 13.76 199.795527  61.960679  3.718
 44    13.471 53748.90702850 13.45 199.793067  61.957529  3.718
 44    14.736 53748.90702915 13.61 199.790617  61.954379  3.718
 45    11.009 53783.90705892 27.74 199.778867  61.961041  9.324
 45    10.384 53783.90705956 29.67 199.776417  61.957891  9.324
 45    10.268 53783.90706021 25.07 199.773967  61.954741  9.324
 46    11.837 53818.90702117 12.59 199.765162  61.960759  6.409
 46    10.493 53818.90702181 13.97 199.762702  61.957619  6.409
 47    10.022 53853.90710000 14.29 199.778685  61.959398  8.581
 47     9.960 53853.90710064 10.84 199.776235  61.956258  8.581
 48    17.941 53888.90710831 23.04 199.784282  61.957951  9.419
 48    18.225 53888.90710895 25.95 199.781832  61.954801  9.419
 49    16.177 53923.90717619 37.23 199.767945  61.958925 16.403
 49    16.583 53923.90717683 38.32 199.765495  61.955775 16.403
 50    14.537 53958.90716730 21.85 199.765287  61.961200 14.620
 50    14.843 53958.90716795 26.34 199.762837  61.958050 14.620
 51    37.874 53993.90709666  2.91 199.797796  61.960876 12.144
 51    14.303 53993.90709795 24.31 199.792886  61.954586 12.144
 52    36.882 54028.90715670  4.41 199.787470  61.960022 13.181
 52    33.956 54028.90715735  4.17 199.785010  61.956872 13.181
 53    10.697 54063.90715090 22.97 199.777751  61.959805  5.535
 53    13.770 54063.90715155 22.35 199.775301  61.956665  5.535
 54    13.874 54098.90711841 11.53 199.766257  61.959063  4.076
 54    14.505 54098.90711905 12.05 199.763817  61.955923  4.076
 57    16.827 54203.90707853 18.23 199.785345  61.960252 20.262
 57    17.461 54203.90707918 17.89 199.782885  61.957102 20.262
 57    18.195 54203.90707982 30.14 199.780435  61.953952 20.262
 58    14.288 54238.90711370 17.55 199.777365  61.957958 10.886
 58    15.663 54238.90711434 17.20 199.774915  61.954808 10.886
 59    15.372 54273.90713090 21.15 199.776931  61.960224 19.906
 59    15.916 54273.90713154 28.27 199.774481  61.957074 19.906
 60    14.534 54308.90713291 17.08 199.778270  61.959222 19.465
 60    14.831 54308.90713355 18.31 199.775820  61.956072 19.465
 61    14.482 54343.90711050 17.42 199.769088  61.960348 18.070
 61    15.129 54343.90711115 16.92 199.766638  61.957198 18.070
 62    34.331 54378.90706823  2.80 199.783271  61.960671 16.355
 62    13.883 54378.90706952 31.28 199.778371  61.954371 16.355
 63    12.503 54413.90705842 21.79 199.773762  61.960262 11.870
 63    12.233 54413.90705906 26.29 199.771302  61.957112 11.870
 64    11.923 54448.90703483 19.70 199.786335  61.960676  8.500
 64    12.799 54448.90703548 19.35 199.783875  61.957526  8.500
 64    14.418 54448.90703612 18.64 199.781425  61.954376  8.500
 65    11.862 54483.90705201 15.88 199.780185  61.961199  4.309
 65    12.449 54483.90705265 15.45 199.777725  61.958049  4.309
 65    14.278 54483.90705330 15.93 199.775275  61.954899  4.309
 66    12.873 54518.90704848  9.93 199.785968  61.961098  3.385
 66    13.537 54518.90704912 10.01 199.783508  61.957948  3.385
 66    14.203 54518.90704977 10.47 199.781058  61.954798  3.385
 68    10.164 54588.90704405 23.99 199.781885  61.961805  8.456
 68    10.099 54588.90704470 24.16 199.779435  61.958655  8.456
 68     9.864 54588.90704534 22.73 199.776985  61.955505  8.456
 70    14.759 54658.90707079 17.95 199.776088  61.960937 23.789
 70    15.213 54658.90707144 20.35 199.773628  61.957787 23.789
 70    15.543 54658.90707208 28.46 199.771178  61.954637 23.789
 71    15.644 54693.90705193 45.05 199.771778  61.958851 14.765
 71    14.115 54693.90705257 48.43 199.769328  61.955701 14.765
 72    13.829 54728.90702509 21.45 199.782618  61.958405  7.920
 72    14.483 54728.90702574 19.99 199.780168  61.955255  7.920
 73    12.735 54763.90702952 38.17 199.776750  61.960891 12.544
 73    12.983 54763.90703016 49.15 199.774300  61.957741 12.544
 73    13.046 54763.90703081 33.94 199.771850  61.954591 12.544
 74    13.064 54798.90701797 23.75 199.786985  61.961466  6.149
 74    13.165 54798.90701861 22.62 199.784525  61.958316  6.149
 74    12.804 54798.90701926 23.54 199.782075  61.955166  6.149
 75    13.548 54833.90702028  9.67 199.774108  61.959073  3.688
 75    14.924 54833.90702092  9.69 199.771658  61.955923  3.688
 76    12.893 54868.90701476 13.61 199.787096  61.960317  4.098
 76    12.915 54868.90701540 13.99 199.784646  61.957167  4.098
 76    13.980 54868.90701605 13.86 199.782196  61.954017  4.098
 78    14.429 54938.90700533  8.62 199.783717  61.961715  2.980
 78    15.092 54938.90700597  9.91 199.781267  61.958565  2.980
 78    14.773 54938.90700662 10.46 199.778810  61.955418  2.245
 79    18.873 54973.90703702 29.69 199.778388  61.959387 10.466
 79    19.130 54973.90703766 31.18 199.775938  61.956237 10.466
 80    16.867 55008.90705145 20.15 199.773075  61.960095  9.844
 80    17.505 55008.90705210 21.20 199.770625  61.956945  9.844
 81    15.066 55043.90704124 21.37 199.777436  61.958839  8.561
 81    14.684 55043.90704188 29.26 199.774986  61.955689  8.561
 82    13.737 55078.90701814 18.81 199.770526  61.961007  9.135
 82    13.401 55078.90701879 26.80 199.768076  61.957857  9.135
 84    11.115 55148.90697378 25.48 199.775554  61.961148  7.683
 84    11.043 55148.90697443 25.64 199.773104  61.957998  7.683
 84    10.864 55148.90697507 23.41 199.770654  61.954848  7.683
 85    10.574 55183.90695562 17.54 199.785662  61.960217  3.652
 85    10.878 55183.90695626 16.84 199.783202  61.957067  3.652
 85    12.033 55183.90695691 17.71 199.780752  61.953917  3.652
 86     9.996 55218.90697177 21.50 199.772376  61.960187  4.914
 86     9.975 55218.90697242 21.31 199.769926  61.957037  4.914
 87    10.146 55253.90695203 22.92 199.784522  61.959403  6.479
 87     9.828 55253.90695267 23.61 199.782072  61.956253  6.479
 88     9.805 55288.90696183 14.57 199.766502  61.959265  4.362
 88     9.826 55288.90696248 15.53 199.764052  61.956115  4.362
 89    11.301 55323.90693950 34.42 199.773620  61.958270 10.341
 89    10.281 55323.90694014 40.36 199.771170  61.955120 10.341
 90    13.710 55358.90693771 29.11 199.773927  61.960013 12.488
 90    15.392 55358.90693836 24.49 199.771477  61.956863 12.488
 91    14.919 55393.90694120 17.40 199.781768  61.960256  7.487
 91    15.040 55393.90694184 20.57 199.779318  61.957106  7.487
 91    15.120 55393.90694249 20.66 199.776858  61.953956  7.487
 92    15.865 55428.90695315 32.70 199.779280  61.960640 11.736
 92    15.964 55428.90695379 40.67 199.776830  61.957490 11.736
 92    15.239 55428.90695444 48.47 199.774380  61.954340 11.736
